133
6641 6642 6644 6646 6648 6650 6654 6656 10175 3818 3820 3799 6664 6666 3815 3491 3816 6672 6676 6679 6680 6683 6685 6687 6689 6690 6691 6692 6693 6694 6695 6696 6698 6699 6700 3801 6914 6702 3510 6703 6704 6706 6711 7013 6643 6645 6647 6649 6651 6655 6657 10265 3819 6663 3800 6665 3488 3490 3492 6670 6673 6677 6681 7125 6813 10180 6815 6817 10269 7130 7014 6713 3823 6715 6717 6720 6722 6725 6727 6729 6732 6734 6737 6743 6746 6749 6753 6756 6758 6763 6765 3532 3533 6766 6767 6768 3836 3558 6769 3597 6770 3598 3599 3560 6771 3494 6772 6773 6775 6934 6714 6716 6718 6721 6723 6726 6728 6730 6733 6735 6738 6739 6744 6747 6750 10179 6754 6761 6948 3559 6697 6816 6935 
6641 1 7013
6642 1 6641
6644 1 6642
6646 1 6644
6648 1 6646
6650 1 6648
6654 1 6650
6656 1 6654
10175 1 6656
3818 1 10175
3820 1 3818
3799 1 3820
6664 1 3799
6666 1 6664
3815 1 6666
3491 1 3815
3816 1 3491
6672 1 3816
6676 1 6672
6679 1 6676
6680 1 6679
6683 1 6680
6685 1 6683
6687 1 6685
6689 1 6687
6690 1 6689
6691 1 6690
6692 1 6691
6693 1 6692
6694 1 6693
6695 1 6694
6696 1 6695
6698 1 6696
6699 1 6698
6700 1 6699
3801 1 6700
6914 1 3801
6702 1 6914
3510 1 6702
6703 1 3510
6704 1 6703
6706 1 6704
6711 1 6706
7013 1 6711
6643 1 7014
6645 1 6643
6647 1 6645
6649 1 6647
6651 1 6649
6655 1 6651
6657 1 6655
10265 1 6657
3819 1 10265
6663 1 3819
3800 1 6663
6665 1 3800
3488 1 6665
3490 1 3488
3492 1 3490
6670 1 3492
6673 1 6670
6677 1 6673
6681 1 6677
7125 1 6681
6813 1 7125
10180 1 6813
6815 1 10180
6817 1 6815
10269 1 6817
7130 1 10269
7014 1 7130
6713 1 6934
3823 1 6713
6715 1 3823
6717 1 6715
6720 1 6717
6722 1 6720
6725 1 6722
6727 1 6725
6729 1 6727
6732 1 6729
6734 1 6732
6737 1 6734
6743 1 6737
6746 1 6743
6749 1 6746
6753 1 6749
6756 1 6753
6758 1 6756
6763 1 6758
6765 1 6763
3532 1 6765
3533 1 3532
6766 1 3533
6767 1 6766
6768 1 6767
3836 1 6768
3558 1 3836
6769 1 3558
3597 1 6769
6770 1 3597
3598 1 6770
3599 1 3598
3560 1 3599
6771 1 3560
3494 1 6771
6772 1 3494
6773 1 6772
6775 1 6773
6934 1 6775
6714 1 6935
6716 1 6714
6718 1 6716
6721 1 6718
6723 1 6721
6726 1 6723
6728 1 6726
6730 1 6728
6733 1 6730
6735 1 6733
6738 1 6735
6739 1 6738
6744 1 6739
6747 1 6744
6750 1 6747
10179 1 6750
6754 1 10179
6761 1 6754
6948 1 6761
3559 1 6948
6697 1 3559
6816 1 6697
6935 1 6816
