88
6713 3821 3822 3823 6714 6715 6716 6717 6718 6719 6720 6721 6722 6723 6724 10171 6725 6726 6727 6728 6729 6730 6731 6732 6733 10661 6734 6735 6736 10194 6737 6738 6739 6740 6742 6741 10267 6743 6744 6745 6746 6747 7126 6748 10177 6749 6750 6751 10179 10178 6753 6754 6755 6756 6757 6758 6759 6760 6761 6763 6764 6765 3531 3532 3533 6948 6766 6767 6768 3836 3558 3559 6769 6697 3597 6816 6770 3598 3599 3560 6771 3494 6772 6773 6774 6775 6934 6935 
6713 1 6935
3821 1 6713
3822 1 3821
3823 1 3822
6714 1 3823
6715 1 6714
6716 1 6715
6717 1 6716
6718 1 6717
6719 1 6718
6720 1 6719
6721 1 6720
6722 1 6721
6723 1 6722
6724 1 6723
10171 1 6724
6725 1 10171
6726 1 6725
6727 1 6726
6728 1 6727
6729 1 6728
6730 1 6729
6731 1 6730
6732 1 6731
6733 1 6732
10661 1 6733
6734 1 10661
6735 1 6734
6736 1 6735
10194 1 6736
6737 1 10194
6738 1 6737
6739 1 6738
6740 1 6739
6742 1 6740
6741 1 6742
10267 1 6741
6743 1 10267
6744 1 6743
6745 1 6744
6746 1 6745
6747 1 6746
7126 1 6747
6748 1 7126
10177 1 6748
6749 1 10177
6750 1 6749
6751 1 6750
10179 1 6751
10178 1 10179
6753 1 10178
6754 1 6753
6755 1 6754
6756 1 6755
6757 1 6756
6758 1 6757
6759 1 6758
6760 1 6759
6761 1 6760
6763 1 6761
6764 1 6763
6765 1 6764
3531 1 6765
3532 1 3531
3533 1 3532
6948 1 3533
6766 1 6948
6767 1 6766
6768 1 6767
3836 1 6768
3558 1 3836
3559 1 3558
6769 1 3559
6697 1 6769
3597 1 6697
6816 1 3597
6770 1 6816
3598 1 6770
3599 1 3598
3560 1 3599
6771 1 3560
3494 1 6771
6772 1 3494
6773 1 6772
6774 1 6773
6775 1 6774
6934 1 6775
6935 1 6934
