286
3488 3489 3490 3491 3492 3493 3494 3495 3496 3510 3521 3531 3532 3533 3536 3538 3539 3558 3559 3560 3561 3597 3598 3599 3600 3611 3703 3704 3705 3706 3761 3762 3763 3797 3799 3800 3801 3815 3816 3817 3818 3819 3820 3821 3822 3823 3826 3827 3828 3836 3837 3838 3839 6639 6640 6641 6642 6643 6644 6645 6646 6647 6648 6649 6650 6651 6652 6653 6654 6655 6656 6657 6658 6659 6660 6661 6663 6664 6665 6666 6667 6668 6669 6670 6671 6672 6673 6674 6676 6677 6678 6679 6680 6681 6682 6683 6684 6685 6686 6687 6688 6689 6690 6691 6692 6693 6694 6695 6696 6697 6698 6699 6700 6702 6703 6704 6705 6706 6707 6711 6712 6713 6714 6715 6716 6717 6718 6719 6720 6721 6722 6723 6724 6725 6726 6727 6728 6729 6730 6731 6732 6733 6734 6735 6736 6737 6738 6739 6740 6741 6742 6743 6744 6745 6746 6747 6748 6749 6750 6751 6753 6754 6755 6756 6757 6758 6759 6760 6761 6762 6763 6764 6765 6766 6767 6768 6769 6770 6771 6772 6773 6774 6775 6777 6778 6779 6780 6781 6782 6783 6784 6785 6786 6787 6788 6789 6790 6791 6792 6793 6794 6795 6796 6797 6798 6799 6800 6801 6802 6803 6804 6805 6806 6807 6808 6809 6810 6813 6815 6816 6817 6819 6820 6822 6823 6914 6932 6933 6934 6935 6936 6937 6938 6939 6941 6942 6943 6944 6948 6949 6950 6951 6952 7012 7013 7014 7015 7124 7125 7126 7127 7128 7129 7130 7131 10171 10172 10173 10174 10175 10176 10177 10178 10179 10180 10194 10198 10199 10200 10201 10202 10203 10204 10205 10207 10264 10265 10266 10267 10268 10269 10297 10659 10660 10661 10662 
3488 11 3489 3611 6666 6668 6669 6737 6738 6739 6740 10174 10662
3489 11 3488 3611 6666 6668 6669 6737 6738 6739 6740 10174 10662
3490 18 3491 3492 3493 3611 3815 6668 6669 6741 6742 6743 6744 6745 6746 6747 6748 7126 10177 10267
3491 12 3490 3492 3493 3815 6746 6747 6748 6749 6750 6751 7126 10177
3492 12 3490 3491 3493 3815 6746 6747 6748 6749 6750 6751 7126 10177
3493 12 3490 3491 3492 3815 6746 6747 6748 6749 6750 6751 7126 10177
3494 6 3510 6703 6704 6705 6772 10269
3495 16 3561 3611 3826 6668 6669 6739 6740 6741 6742 6743 6744 6745 6790 7131 10267 10662
3496 7 3836 6694 6782 6798 6799 6800 6813
3510 3 3494 6702 6703
3521 3 3797 6639 6712
3531 9 3761 3762 3839 6687 6688 6763 6764 6765 6777
3532 1 6689
3533 9 6690 6691 6766 6781 6796 6797 6948 7125 10660
3536 19 3539 3817 3818 3819 6656 6658 6659 6660 6661 6727 6728 6729 6730 6731 6819 10172 10175 10176 10265
3538 24 3539 3817 3837 6654 6655 6656 6657 6658 6659 6660 6661 6725 6726 6727 6728 6729 6730 6731 6789 6819 10175 10176 10264 10265
3539 23 3536 3538 3817 3818 3819 3837 6656 6657 6658 6659 6660 6661 6727 6728 6729 6730 6731 6789 6819 10175 10176 10264 10265
3558 4 3559 6695 6813 10659
3559 4 3558 6695 6813 10659
3560 1 6914
3561 16 3495 3611 3826 6668 6669 6739 6740 6741 6742 6743 6744 6745 6790 7131 10267 10662
3597 3 6698 6815 6816
3598 1 6700
3599 1 3801
3600 17 3816 3838 6670 6671 6672 6673 6674 6748 6749 6750 6751 6791 6792 7124 10177 10178 10179
3611 21 3488 3489 3490 3495 3561 3815 3826 6666 6668 6669 6739 6740 6741 6742 6743 6744 6745 6790 7131 10267 10662
3703 3 3704 3763 7127
3704 3 3703 3763 7127
3705 1 6778
3706 5 6783 6784 6804 6805 6806
3761 9 3531 3762 3839 6687 6688 6763 6764 6765 6777
3762 9 3531 3761 3839 6687 6688 6763 6764 6765 6777
3763 3 3703 3704 7127
3797 3 3521 6639 6712
3799 13 3800 6663 6664 6665 6732 6733 6734 6735 6736 10173 10194 10266 10661
3800 13 3799 6663 6664 6665 6732 6733 6734 6735 6736 10173 10194 10266 10661
3801 1 3599
3815 18 3490 3491 3492 3493 3611 6668 6669 6741 6742 6743 6744 6745 6746 6747 6748 7126 10177 10267
3816 17 3600 3838 6670 6671 6672 6673 6674 6748 6749 6750 6751 6791 6792 7124 10177 10178 10179
3817 23 3536 3538 3539 3818 3819 3837 6656 6657 6658 6659 6660 6661 6727 6728 6729 6730 6731 6789 6819 10175 10176 10264 10265
3818 13 3536 3539 3817 3819 6661 6729 6730 6731 6819 10172 10175 10176 10265
3819 13 3536 3539 3817 3818 6661 6729 6730 6731 6819 10172 10175 10176 10265
3820 7 6663 6732 6733 10172 10173 10266 10661
3821 14 3822 6640 6641 6713 6932 6933 6934 6935 7013 7014 7015 7128 7129 7130
3822 14 3821 6640 6641 6713 6932 6933 6934 6935 7013 7014 7015 7128 7129 7130
3823 3 6642 6643 6714
3826 16 3495 3561 3611 6668 6669 6739 6740 6741 6742 6743 6744 6745 6790 7131 10267 10662
3827 2 3828 6667
3828 2 3827 6667
3836 7 3496 6694 6782 6798 6799 6800 6813
3837 18 3538 3539 3817 6656 6657 6658 6659 6660 6727 6728 6729 6730 6731 6789 6819 10175 10264 10265
3838 17 3600 3816 6670 6671 6672 6673 6674 6748 6749 6750 6751 6791 6792 7124 10177 10178 10179
3839 9 3531 3761 3762 6687 6688 6763 6764 6765 6777
6639 3 3521 3797 6712
6640 14 3821 3822 6641 6713 6932 6933 6934 6935 7013 7014 7015 7128 7129 7130
6641 13 3821 3822 6640 6713 6932 6933 6934 6935 7013 7014 7128 7129 7130
6642 3 3823 6643 6714
6643 3 3823 6642 6714
6644 3 6645 6715 6716
6645 3 6644 6715 6716
6646 6 6647 6648 6649 6717 6718 6719
6647 6 6646 6648 6649 6717 6718 6719
6648 9 6646 6647 6649 6717 6718 6719 6720 6721 10297
6649 9 6646 6647 6648 6717 6718 6719 6720 6721 10297
6650 9 6651 6652 6653 6722 6723 6724 6725 6726 10171
6651 9 6650 6652 6653 6722 6723 6724 6725 6726 10171
6652 9 6650 6651 6653 6722 6723 6724 6725 6726 10171
6653 9 6650 6651 6652 6722 6723 6724 6725 6726 10171
6654 12 3538 6655 6656 6657 6658 6659 6725 6726 6727 6728 10171 10264
6655 12 3538 6654 6656 6657 6658 6659 6725 6726 6727 6728 10171 10264
6656 23 3536 3538 3539 3817 3837 6654 6655 6657 6658 6659 6660 6661 6727 6728 6729 6730 6731 6789 6819 10175 10176 10264 10265
6657 22 3538 3539 3817 3837 6654 6655 6656 6658 6659 6660 6661 6727 6728 6729 6730 6731 6789 6819 10175 10176 10264 10265
6658 23 3536 3538 3539 3817 3837 6654 6655 6656 6657 6659 6660 6661 6727 6728 6729 6730 6731 6789 6819 10175 10176 10264 10265
6659 23 3536 3538 3539 3817 3837 6654 6655 6656 6657 6658 6660 6661 6727 6728 6729 6730 6731 6789 6819 10175 10176 10264 10265
6660 21 3536 3538 3539 3817 3837 6656 6657 6658 6659 6661 6727 6728 6729 6730 6731 6789 6819 10175 10176 10264 10265
6661 21 3536 3538 3539 3817 3818 3819 6656 6657 6658 6659 6660 6727 6728 6729 6730 6731 6819 10175 10176 10264 10265
6663 9 3799 3800 3820 6732 6733 10172 10173 10266 10661
6664 8 3799 3800 6665 6734 6735 6736 10174 10194
6665 8 3799 3800 6664 6734 6735 6736 10174 10194
6666 11 3488 3489 3611 6668 6669 6737 6738 6739 6740 10174 10662
6667 2 3827 3828
6668 21 3488 3489 3490 3495 3561 3611 3815 3826 6666 6669 6739 6740 6741 6742 6743 6744 6745 6790 7131 10267 10662
6669 21 3488 3489 3490 3495 3561 3611 3815 3826 6666 6668 6739 6740 6741 6742 6743 6744 6745 6790 7131 10267 10662
6670 17 3600 3816 3838 6671 6672 6673 6674 6748 6749 6750 6751 6791 6792 7124 10177 10178 10179
6671 17 3600 3816 3838 6670 6672 6673 6674 6748 6749 6750 6751 6791 6792 7124 10177 10178 10179
6672 21 3600 3816 3838 6670 6671 6673 6674 6676 6677 6678 6749 6750 6751 6753 6754 6755 6791 6792 7124 10178 10179
6673 21 3600 3816 3838 6670 6671 6672 6674 6676 6677 6678 6749 6750 6751 6753 6754 6755 6791 6792 7124 10178 10179
6674 21 3600 3816 3838 6670 6671 6672 6673 6676 6677 6678 6749 6750 6751 6753 6754 6755 6791 6792 7124 10178 10179
6676 11 6672 6673 6674 6677 6678 6753 6754 6755 7124 10178 10179
6677 11 6672 6673 6674 6676 6678 6753 6754 6755 7124 10178 10179
6678 11 6672 6673 6674 6676 6677 6753 6754 6755 7124 10178 10179
6679 5 6680 6681 6682 6756 6820
6680 6 6679 6681 6682 6756 6757 6820
6681 11 6679 6680 6682 6683 6684 6756 6757 6758 6759 6760 6820
6682 6 6679 6680 6681 6756 6757 6820
6683 9 6681 6684 6757 6758 6759 6760 6761 6762 10268
6684 9 6681 6683 6757 6758 6759 6760 6761 6762 10268
6685 9 6686 6758 6759 6760 6761 6762 6763 6764 10268
6686 9 6685 6758 6759 6760 6761 6762 6763 6764 10268
6687 9 3531 3761 3762 3839 6688 6763 6764 6765 6777
6688 9 3531 3761 3762 3839 6687 6763 6764 6765 6777
6689 1 3532
6690 6 3533 6781 6796 6797 6948 10660
6691 8 3533 6766 6781 6796 6797 6948 7125 10660
6692 2 6767 6768
6693 2 6768 6800
6694 7 3496 3836 6782 6798 6799 6800 6813
6695 4 3558 3559 6813 10659
6696 3 6697 6769 10180
6697 4 6696 6769 6816 10180
6698 3 3597 6815 6816
6699 2 6770 6817
6700 1 3598
6702 2 3510 6771
6703 6 3494 3510 6704 6705 6772 10269
6704 10 3494 6703 6705 6706 6707 6772 6801 6802 6803 10269
6705 10 3494 6703 6704 6706 6707 6772 6801 6802 6803 10269
6706 10 6704 6705 6707 6772 6773 6774 6801 6802 6803 10269
6707 10 6704 6705 6706 6772 6773 6774 6801 6802 6803 10269
6711 5 6785 6786 6807 6808 7130
6712 3 3521 3797 6639
6713 14 3821 3822 6640 6641 6932 6933 6934 6935 7013 7014 7015 7128 7129 7130
6714 3 3823 6642 6643
6715 3 6644 6645 6716
6716 3 6644 6645 6715
6717 6 6646 6647 6648 6649 6718 6719
6718 6 6646 6647 6648 6649 6717 6719
6719 6 6646 6647 6648 6649 6717 6718
6720 4 6648 6649 6721 10297
6721 4 6648 6649 6720 10297
6722 7 6650 6651 6652 6653 6723 6724 10297
6723 7 6650 6651 6652 6653 6722 6724 10297
6724 7 6650 6651 6652 6653 6722 6723 10297
6725 9 3538 6650 6651 6652 6653 6654 6655 6726 10171
6726 9 3538 6650 6651 6652 6653 6654 6655 6725 10171
6727 23 3536 3538 3539 3817 3837 6654 6655 6656 6657 6658 6659 6660 6661 6728 6729 6730 6731 6789 6819 10175 10176 10264 10265
6728 23 3536 3538 3539 3817 3837 6654 6655 6656 6657 6658 6659 6660 6661 6727 6729 6730 6731 6789 6819 10175 10176 10264 10265
6729 24 3536 3538 3539 3817 3818 3819 3837 6656 6657 6658 6659 6660 6661 6727 6728 6730 6731 6789 6819 10172 10175 10176 10264 10265
6730 24 3536 3538 3539 3817 3818 3819 3837 6656 6657 6658 6659 6660 6661 6727 6728 6729 6731 6789 6819 10172 10175 10176 10264 10265
6731 24 3536 3538 3539 3817 3818 3819 3837 6656 6657 6658 6659 6660 6661 6727 6728 6729 6730 6789 6819 10172 10175 10176 10264 10265
6732 9 3799 3800 3820 6663 6733 10172 10173 10266 10661
6733 9 3799 3800 3820 6663 6732 10172 10173 10266 10661
6734 8 3799 3800 6664 6665 6735 6736 10174 10194
6735 8 3799 3800 6664 6665 6734 6736 10174 10194
6736 8 3799 3800 6664 6665 6734 6735 10174 10194
6737 8 3488 3489 6666 6738 6739 6740 10174 10662
6738 8 3488 3489 6666 6737 6739 6740 10174 10662
6739 22 3488 3489 3495 3561 3611 3826 6666 6668 6669 6737 6738 6740 6741 6742 6743 6744 6745 6790 7131 10174 10267 10662
6740 22 3488 3489 3495 3561 3611 3826 6666 6668 6669 6737 6738 6739 6741 6742 6743 6744 6745 6790 7131 10174 10267 10662
6741 18 3490 3495 3561 3611 3815 3826 6668 6669 6739 6740 6742 6743 6744 6745 6790 7131 10267 10662
6742 18 3490 3495 3561 3611 3815 3826 6668 6669 6739 6740 6741 6743 6744 6745 6790 7131 10267 10662
6743 19 3490 3495 3561 3611 3815 3826 6668 6669 6739 6740 6741 6742 6744 6745 6790 7126 7131 10267 10662
6744 18 3490 3495 3561 3611 3815 3826 6668 6669 6739 6740 6741 6742 6743 6745 6790 7131 10267 10662
6745 18 3490 3495 3561 3611 3815 3826 6668 6669 6739 6740 6741 6742 6743 6744 6790 7131 10267 10662
6746 12 3490 3491 3492 3493 3815 6747 6748 6749 6750 6751 7126 10177
6747 9 3490 3491 3492 3493 3815 6746 6748 7126 10177
6748 19 3490 3491 3492 3493 3600 3815 3816 3838 6670 6671 6746 6747 6749 6750 6751 6791 6792 7126 10177
6749 21 3491 3492 3493 3600 3816 3838 6670 6671 6672 6673 6674 6746 6748 6750 6751 6791 6792 7124 10177 10178 10179
6750 21 3491 3492 3493 3600 3816 3838 6670 6671 6672 6673 6674 6746 6748 6749 6751 6791 6792 7124 10177 10178 10179
6751 21 3491 3492 3493 3600 3816 3838 6670 6671 6672 6673 6674 6746 6748 6749 6750 6791 6792 7124 10177 10178 10179
6753 11 6672 6673 6674 6676 6677 6678 6754 6755 7124 10178 10179
6754 11 6672 6673 6674 6676 6677 6678 6753 6755 7124 10178 10179
6755 11 6672 6673 6674 6676 6677 6678 6753 6754 7124 10178 10179
6756 5 6679 6680 6681 6682 6820
6757 8 6680 6681 6682 6683 6684 6758 6759 6760
6758 11 6681 6683 6684 6685 6686 6757 6759 6760 6761 6762 10268
6759 11 6681 6683 6684 6685 6686 6757 6758 6760 6761 6762 10268
6760 11 6681 6683 6684 6685 6686 6757 6758 6759 6761 6762 10268
6761 11 6683 6684 6685 6686 6758 6759 6760 6762 6763 6764 10268
6762 9 6683 6684 6685 6686 6758 6759 6760 6761 10268
6763 12 3531 3761 3762 3839 6685 6686 6687 6688 6761 6764 6765 6777
6764 12 3531 3761 3762 3839 6685 6686 6687 6688 6761 6763 6765 6777
6765 9 3531 3761 3762 3839 6687 6688 6763 6764 6777
6766 7 3533 6691 6781 6796 6797 6948 7125
6767 1 6692
6768 2 6692 6693
6769 3 6696 6697 10180
6770 2 6699 6817
6771 1 6702
6772 10 3494 6703 6704 6705 6706 6707 6801 6802 6803 10269
6773 5 6706 6707 6774 6775 6801
6774 5 6706 6707 6773 6775 6801
6775 6 6773 6774 6785 6786 6807 6808
6777 9 3531 3761 3762 3839 6687 6688 6763 6764 6765
6778 1 3705
6779 1 6793
6780 2 6794 6936
6781 9 3533 6690 6691 6766 6796 6797 6948 7125 10660
6782 7 3496 3836 6694 6798 6799 6800 6813
6783 5 3706 6784 6804 6805 6806
6784 5 3706 6783 6804 6805 6806
6785 5 6711 6775 6786 6807 6808
6786 5 6711 6775 6785 6807 6808
6787 3 6788 6809 6810
6788 3 6787 6809 6810
6789 18 3538 3539 3817 3837 6656 6657 6658 6659 6660 6727 6728 6729 6730 6731 6819 10175 10264 10265
6790 16 3495 3561 3611 3826 6668 6669 6739 6740 6741 6742 6743 6744 6745 7131 10267 10662
6791 17 3600 3816 3838 6670 6671 6672 6673 6674 6748 6749 6750 6751 6792 7124 10177 10178 10179
6792 17 3600 3816 3838 6670 6671 6672 6673 6674 6748 6749 6750 6751 6791 7124 10177 10178 10179
6793 1 6779
6794 2 6780 6936
6795 4 6937 6938 6939 7012
6796 9 3533 6690 6691 6766 6781 6797 6948 7125 10660
6797 9 3533 6690 6691 6766 6781 6796 6948 7125 10660
6798 7 3496 3836 6694 6782 6799 6800 6813
6799 7 3496 3836 6694 6782 6798 6800 6813
6800 8 3496 3836 6693 6694 6782 6798 6799 6813
6801 10 6704 6705 6706 6707 6772 6773 6774 6802 6803 10269
6802 8 6704 6705 6706 6707 6772 6801 6803 10269
6803 8 6704 6705 6706 6707 6772 6801 6802 10269
6804 5 3706 6783 6784 6805 6806
6805 5 3706 6783 6784 6804 6806
6806 5 3706 6783 6784 6804 6805
6807 5 6711 6775 6785 6786 6808
6808 5 6711 6775 6785 6786 6807
6809 3 6787 6788 6810
6810 3 6787 6788 6809
6813 11 3496 3558 3559 3836 6694 6695 6782 6798 6799 6800 10659
6815 3 3597 6698 6816
6816 5 3597 6697 6698 6815 10180
6817 2 6699 6770
6819 24 3536 3538 3539 3817 3818 3819 3837 6656 6657 6658 6659 6660 6661 6727 6728 6729 6730 6731 6789 10172 10175 10176 10264 10265
6820 5 6679 6680 6681 6682 6756
6822 1 6823
6823 1 6822
6914 1 3560
6932 14 3821 3822 6640 6641 6713 6933 6934 6935 7013 7014 7015 7128 7129 7130
6933 14 3821 3822 6640 6641 6713 6932 6934 6935 7013 7014 7015 7128 7129 7130
6934 14 3821 3822 6640 6641 6713 6932 6933 6935 7013 7014 7015 7128 7129 7130
6935 14 3821 3822 6640 6641 6713 6932 6933 6934 7013 7014 7015 7128 7129 7130
6936 2 6780 6794
6937 4 6795 6938 6939 7012
6938 4 6795 6937 6939 7012
6939 4 6795 6937 6938 7012
6941 3 6942 6943 6944
6942 3 6941 6943 6944
6943 3 6941 6942 6944
6944 3 6941 6942 6943
6948 9 3533 6690 6691 6766 6781 6796 6797 7125 10660
6949 3 6950 6951 6952
6950 3 6949 6951 6952
6951 3 6949 6950 6952
6952 3 6949 6950 6951
7012 4 6795 6937 6938 6939
7013 14 3821 3822 6640 6641 6713 6932 6933 6934 6935 7014 7015 7128 7129 7130
7014 14 3821 3822 6640 6641 6713 6932 6933 6934 6935 7013 7015 7128 7129 7130
7015 13 3821 3822 6640 6713 6932 6933 6934 6935 7013 7014 7128 7129 7130
7124 21 3600 3816 3838 6670 6671 6672 6673 6674 6676 6677 6678 6749 6750 6751 6753 6754 6755 6791 6792 10178 10179
7125 8 3533 6691 6766 6781 6796 6797 6948 10660
7126 10 3490 3491 3492 3493 3815 6743 6746 6747 6748 10177
7127 3 3703 3704 3763
7128 14 3821 3822 6640 6641 6713 6932 6933 6934 6935 7013 7014 7015 7129 7130
7129 14 3821 3822 6640 6641 6713 6932 6933 6934 6935 7013 7014 7015 7128 7130
7130 15 3821 3822 6640 6641 6711 6713 6932 6933 6934 6935 7013 7014 7015 7128 7129
7131 16 3495 3561 3611 3826 6668 6669 6739 6740 6741 6742 6743 6744 6745 6790 10267 10662
10171 8 6650 6651 6652 6653 6654 6655 6725 6726
10172 12 3536 3818 3819 3820 6663 6729 6730 6731 6732 6733 6819 10266
10173 8 3799 3800 3820 6663 6732 6733 10266 10661
10174 14 3488 3489 6664 6665 6666 6734 6735 6736 6737 6738 6739 6740 10194 10662
10175 23 3536 3538 3539 3817 3818 3819 3837 6656 6657 6658 6659 6660 6661 6727 6728 6729 6730 6731 6789 6819 10176 10264 10265
10176 21 3536 3538 3539 3817 3818 3819 6656 6657 6658 6659 6660 6661 6727 6728 6729 6730 6731 6819 10175 10264 10265
10177 19 3490 3491 3492 3493 3600 3815 3816 3838 6670 6671 6746 6747 6748 6749 6750 6751 6791 6792 7126
10178 21 3600 3816 3838 6670 6671 6672 6673 6674 6676 6677 6678 6749 6750 6751 6753 6754 6755 6791 6792 7124 10179
10179 21 3600 3816 3838 6670 6671 6672 6673 6674 6676 6677 6678 6749 6750 6751 6753 6754 6755 6791 6792 7124 10178
10180 4 6696 6697 6769 6816
10194 8 3799 3800 6664 6665 6734 6735 6736 10174
10198 3 10199 10200 10201
10199 3 10198 10200 10201
10200 3 10198 10199 10201
10201 3 10198 10199 10200
10202 2 10203 10204
10203 2 10202 10204
10204 2 10202 10203
10205 1 10207
10207 1 10205
10264 22 3538 3539 3817 3837 6654 6655 6656 6657 6658 6659 6660 6661 6727 6728 6729 6730 6731 6789 6819 10175 10176 10265
10265 23 3536 3538 3539 3817 3818 3819 3837 6656 6657 6658 6659 6660 6661 6727 6728 6729 6730 6731 6789 6819 10175 10176 10264
10266 9 3799 3800 3820 6663 6732 6733 10172 10173 10661
10267 18 3490 3495 3561 3611 3815 3826 6668 6669 6739 6740 6741 6742 6743 6744 6745 6790 7131 10662
10268 9 6683 6684 6685 6686 6758 6759 6760 6761 6762
10269 10 3494 6703 6704 6705 6706 6707 6772 6801 6802 6803
10297 7 6648 6649 6720 6721 6722 6723 6724
10659 4 3558 3559 6695 6813
10660 8 3533 6690 6691 6781 6796 6797 6948 7125
10661 8 3799 3800 3820 6663 6732 6733 10173 10266
10662 22 3488 3489 3495 3561 3611 3826 6666 6668 6669 6737 6738 6739 6740 6741 6742 6743 6744 6745 6790 7131 10174 10267
