83
6641 6642 6644 6646 6648 6650 6654 6656 10175 3818 3820 3799 6664 6666 3815 3491 3816 6672 6676 6679 6680 6683 6685 6687 6689 6690 6691 6692 6693 6694 6695 6696 6698 6699 6700 3801 6914 6702 3510 6703 6704 6706 6711 7013 6713 3823 6715 6717 6720 6722 6725 6727 6729 6732 6734 6737 6743 6746 6749 6753 6756 6758 6763 6765 3532 3533 6766 6767 6768 3836 3558 6769 3597 6770 3598 3599 3560 6771 3494 6772 6773 6775 6934 
6641 2 7013 7014
6642 2 6643 6641
6644 3 6645 6642 6643
6646 3 6647 6644 6645
6648 3 6649 6646 6647
6650 3 6651 6648 6649
6654 3 6655 6650 6651
6656 3 6657 6654 6655
10175 3 10265 6656 6657
3818 3 3819 10175 10265
3820 2 3818 3819
3799 2 3800 3820
6664 3 6665 3799 3800
6666 3 3488 6664 6665
3815 3 3490 6666 3488
3491 3 3492 3815 3490
3816 3 6670 3491 3492
6672 3 6673 3816 6670
6676 3 6677 6672 6673
6679 2 6676 6677
6680 2 6681 6679
6683 2 6680 6681
6685 1 6683
6687 1 6685
6689 1 6687
6690 1 6689
6691 2 7125 6690
6692 2 6691 7125
6693 1 6692
6694 1 6693
6695 1 6694
6696 1 6695
6698 2 6815 6696
6699 2 6698 6815
6700 1 6699
3801 1 6700
6914 1 3801
6702 1 6914
3510 1 6702
6703 1 3510
6704 2 10269 6703
6706 2 6704 10269
6711 1 6706
7013 2 7014 6711
6713 2 6934 6935
3823 2 6714 6713
6715 3 6716 3823 6714
6717 3 6718 6715 6716
6720 3 6721 6717 6718
6722 3 6723 6720 6721
6725 3 6726 6722 6723
6727 3 6728 6725 6726
6729 3 6730 6727 6728
6732 3 6733 6729 6730
6734 3 6735 6732 6733
6737 3 6738 6734 6735
6743 3 6744 6737 6738
6746 3 6747 6743 6744
6749 3 6750 6746 6747
6753 3 6754 6749 6750
6756 2 6753 6754
6758 1 6756
6763 1 6758
6765 1 6763
3532 1 6765
3533 2 6948 3532
6766 2 3533 6948
6767 1 6766
6768 1 6767
3836 1 6768
3558 2 3559 3836
6769 2 3558 3559
3597 2 6816 6769
6770 2 3597 6816
3598 1 6770
3599 1 3598
3560 1 3599
6771 1 3560
3494 1 6771
6772 1 3494
6773 1 6772
6775 1 6773
6934 2 6935 6775
