124
6641 6643 6642 6645 6644 6647 6646 6649 6648 6651 6650 6655 6654 6657 6656 10265 10175 3819 3818 3820 3800 3799 6665 6664 3488 6666 3490 3815 3492 3491 6670 3816 6673 6672 6677 6676 6679 6681 6680 6683 6685 6687 6689 6690 7125 6691 6692 6693 6694 6695 6696 6815 6698 6699 6700 3801 6914 6702 3510 6703 10269 6704 6706 6711 7014 7013 6713 6714 3823 6716 6715 6718 6717 6721 6720 6723 6722 6726 6725 6728 6727 6730 6729 6733 6732 6735 6734 6738 6737 6744 6743 6747 6746 6750 6749 6754 6753 6756 6758 6763 6765 3532 6948 3533 6766 6767 6768 3836 3559 3558 6769 6816 3597 6770 3598 3599 3560 6771 3494 6772 6773 6775 6935 6934 
6641 2 7013 7014
6643 1 6642
6642 2 6643 6641
6645 1 6644
6644 3 6645 6642 6643
6647 1 6646
6646 3 6647 6644 6645
6649 1 6648
6648 3 6649 6646 6647
6651 1 6650
6650 3 6651 6648 6649
6655 1 6654
6654 3 6655 6650 6651
6657 1 6656
6656 3 6657 6654 6655
10265 1 10175
10175 3 10265 6656 6657
3819 1 3818
3818 3 3819 10175 10265
3820 2 3818 3819
3800 1 3799
3799 2 3800 3820
6665 1 6664
6664 3 6665 3799 3800
3488 1 6666
6666 3 3488 6664 6665
3490 1 3815
3815 3 3490 6666 3488
3492 1 3491
3491 3 3492 3815 3490
6670 1 3816
3816 3 6670 3491 3492
6673 1 6672
6672 3 6673 3816 6670
6677 1 6676
6676 3 6677 6672 6673
6679 2 6676 6677
6681 1 6680
6680 2 6681 6679
6683 2 6680 6681
6685 1 6683
6687 1 6685
6689 1 6687
6690 1 6689
7125 1 6691
6691 2 7125 6690
6692 2 6691 7125
6693 1 6692
6694 1 6693
6695 1 6694
6696 1 6695
6815 1 6698
6698 2 6815 6696
6699 2 6698 6815
6700 1 6699
3801 1 6700
6914 1 3801
6702 1 6914
3510 1 6702
6703 1 3510
10269 1 6704
6704 2 10269 6703
6706 2 6704 10269
6711 1 6706
7014 1 7013
7013 2 7014 6711
6713 2 6934 6935
6714 1 3823
3823 2 6714 6713
6716 1 6715
6715 3 6716 3823 6714
6718 1 6717
6717 3 6718 6715 6716
6721 1 6720
6720 3 6721 6717 6718
6723 1 6722
6722 3 6723 6720 6721
6726 1 6725
6725 3 6726 6722 6723
6728 1 6727
6727 3 6728 6725 6726
6730 1 6729
6729 3 6730 6727 6728
6733 1 6732
6732 3 6733 6729 6730
6735 1 6734
6734 3 6735 6732 6733
6738 1 6737
6737 3 6738 6734 6735
6744 1 6743
6743 3 6744 6737 6738
6747 1 6746
6746 3 6747 6743 6744
6750 1 6749
6749 3 6750 6746 6747
6754 1 6753
6753 3 6754 6749 6750
6756 2 6753 6754
6758 1 6756
6763 1 6758
6765 1 6763
3532 1 6765
6948 1 3533
3533 2 6948 3532
6766 2 3533 6948
6767 1 6766
6768 1 6767
3836 1 6768
3559 1 3558
3558 2 3559 3836
6769 2 3558 3559
6816 1 3597
3597 2 6816 6769
6770 2 3597 6816
3598 1 6770
3599 1 3598
3560 1 3599
6771 1 3560
3494 1 6771
6772 1 3494
6773 1 6772
6775 1 6773
6935 1 6934
6934 2 6935 6775
