39
6713 3823 6715 6717 6720 6722 6725 6727 6729 6732 6734 6737 6743 6746 6749 6753 6756 6758 6763 6765 3532 3533 6766 6767 6768 3836 3558 6769 3597 6770 3598 3599 3560 6771 3494 6772 6773 6775 6934 
6713 1 6934
3823 1 6713
6715 1 3823
6717 1 6715
6720 1 6717
6722 1 6720
6725 1 6722
6727 1 6725
6729 1 6727
6732 1 6729
6734 1 6732
6737 1 6734
6743 1 6737
6746 1 6743
6749 1 6746
6753 1 6749
6756 1 6753
6758 1 6756
6763 1 6758
6765 1 6763
3532 1 6765
3533 1 3532
6766 1 3533
6767 1 6766
6768 1 6767
3836 1 6768
3558 1 3836
6769 1 3558
3597 1 6769
6770 1 3597
3598 1 6770
3599 1 3598
3560 1 3599
6771 1 3560
3494 1 6771
6772 1 3494
6773 1 6772
6775 1 6773
6934 1 6775
