133
3488 3490 3491 3492 3494 3510 3532 3533 3558 3559 3560 3597 3598 3599 3799 3800 3801 3815 3816 3818 3819 3820 3823 3836 6641 6642 6643 6644 6645 6646 6647 6648 6649 6650 6651 6654 6655 6656 6657 6663 6664 6665 6666 6670 6672 6673 6676 6677 6679 6680 6681 6683 6685 6687 6689 6690 6691 6692 6693 6694 6695 6696 6697 6698 6699 6700 6702 6703 6704 6706 6711 6713 6714 6715 6716 6717 6718 6720 6721 6722 6723 6725 6726 6727 6728 6729 6730 6732 6733 6734 6735 6737 6738 6739 6743 6744 6746 6747 6749 6750 6753 6754 6756 6758 6761 6763 6765 6766 6767 6768 6769 6770 6771 6772 6773 6775 6813 6815 6816 6817 6914 6934 6935 6948 7013 7014 7125 7130 10175 10179 10180 10265 10269 
3488 3 6676 6914 6734
3490 1 6817
3491 2 6716 6696
3492 3 6651 6738 6750
3494 1 6750
3510 1 3492
3532 2 10179 6645
3533 2 6746 6772
3558 2 7125 6714
3559 1 6645
3560 2 6746 6704
3597 1 6738
3598 1 6914
3599 3 7130 3799 6744
3799 1 6722
3800 2 7014 6685
3801 2 6728 6775
3815 1 6816
3816 2 6685 6773
3818 2 6725 6663
3819 3 6729 3494 6756
3820 2 6728 6761
3823 3 6720 6773 6649
3836 3 6733 3599 6773
6641 1 6934
6642 1 6722
6643 2 6817 6766
6644 1 6699
6645 2 10179 3801
6646 2 3597 6643
6647 3 6657 6716 6713
6648 2 3491 6655
6649 2 6663 6706
6650 1 6735
6651 3 6665 10179 3816
6654 3 6651 6714 6650
6655 3 7013 6717 6646
6656 1 6642
6657 3 6725 6706 6704
6663 1 6648
6664 1 6699
6665 1 10269
6666 2 6732 10180
6670 2 6685 6702
6672 2 10180 6722
6673 2 6679 6664
6676 2 3597 6743
6677 1 6914
6679 3 6730 6775 6815
6680 2 6696 6666
6681 1 6738
6683 2 6656 6773
6685 1 6646
6687 2 6725 6935
6689 3 10269 6654 6679
6690 1 6664
6691 2 6645 7125
6692 2 6663 3599
6693 3 6714 6702 6715
6694 1 6679
6695 1 6750
6696 1 6737
6697 1 6713
6698 3 6713 6706 6711
6699 3 6732 6648 6773
6700 2 6641 6654
6702 1 3491
6703 3 3801 6725 3799
6704 3 6767 3491 6692
6706 2 6655 6775
6711 2 6728 6756
6713 1 6769
6714 1 6647
6715 3 7013 6683 3836
6716 1 6735
6717 2 3599 6770
6718 2 6815 6735
6720 2 6717 6934
6721 2 6720 6716
6722 3 6743 3819 6765
6723 3 6649 6765 6666
6725 3 3533 6673 7014
6726 1 6679
6727 3 3494 6663 6703
6728 3 3490 6720 3820
6729 1 6691
6730 3 3510 6644 6642
6732 2 6717 6691
6733 2 6721 6737
6734 2 7013 6713
6735 2 6702 6713
6737 1 6698
6738 1 6672
6739 2 6679 6730
6743 2 3558 6723
6744 1 3819
6746 2 6735 6700
6747 2 6713 6672
6749 3 6698 3558 6643
6750 3 6815 6934 6650
6753 3 6730 6680 3819
6754 3 6715 6758 6698
6756 2 6646 3820
6758 1 6698
6761 1 6683
6763 1 3494
6765 3 6647 6642 3816
6766 3 3799 6657 6648
6767 3 6697 6739 6815
6768 1 6679
6769 1 6664
6770 1 6743
6771 2 6642 3559
6772 3 6690 6672 3532
6773 3 6706 6771 10180
6775 1 3492
6813 1 7014
6815 2 3532 3818
6816 1 3558
6817 2 6729 6763
6914 2 6664 6720
6934 2 6723 6704
6935 2 3816 6769
6948 2 3558 3532
7013 3 3559 6761 6641
7014 1 7125
7125 3 6756 6644 3800
7130 3 3559 3488 6765
10175 3 7125 6654 6728
10179 1 6758
10180 3 6666 6732 10175
10265 3 6693 6692 6813
10269 3 6681 3815 6750
