232
6641 6642 6644 6648 6650 6654 10175 3799 6666 3491 3816 6672 6679 6680 6683 6685 6687 6689 6691 6693 6694 6695 6698 6699 6700 3801 6706 6643 6645 6647 6649 6651 6655 10265 3800 3488 3492 6670 6673 6677 6681 7125 6813 10180 6815 6817 7130 7014 6713 6717 6720 6722 6729 6732 6734 6737 6743 6746 6749 6753 6763 6765 3532 3533 6766 6768 3836 3558 6769 3597 6770 3599 3560 6771 6772 6775 6934 6714 6716 6723 6726 6730 6735 6739 6744 6750 10179 6754 6761 3559 6697 6816 6935 6640 6652 6653 3817 10172 10266 3489 10662 3611 6669 6668 3493 6674 6678 6682 6684 6686 6688 10660 10659 3821 3822 6719 6731 10661 6736 10194 6740 6742 6741 10267 6745 7126 6748 10177 10178 6755 6757 6759 6760 6764 3531 6774 3521 6712 3837 3539 3536 3495 3561 6667 3600 3838 3839 6777 7127 6778 6779 6822 6780 6938 6939 6942 6949 6950 6781 6782 3496 6783 6784 6785 6932 7128 3797 10198 10200 10201 10199 3538 6789 10176 6661 6790 7131 3827 3828 3826 6791 6792 10204 10203 10268 6762 10205 10207 3761 3762 3763 3703 3704 3705 6793 6823 10211 6794 6936 6937 6795 7012 10208 6943 6944 6952 6951 6796 6797 6798 6799 6800 6801 6802 6804 3706 6805 6806 10210 6807 6808 6933 7129 7015 7013 3819 3490 3823 6715 3598 3494 6758 6725 6738 6948 
6641 1 6706
6642 1 6641
6644 1 6642
6648 1 6644
6650 1 6648
6654 1 6650
10175 1 6654
3799 1 10175
6666 1 3799
3491 1 6666
3816 1 3491
6672 1 3816
6679 1 6672
6680 1 6679
6683 1 6680
6685 1 6683
6687 1 6685
6689 1 6687
6691 1 6689
6693 1 6691
6694 1 6693
6695 1 6694
6698 1 6695
6699 1 6698
6700 1 6699
3801 1 6700
6706 1 3801
6643 1 7014
6645 1 6643
6647 1 6645
6649 1 6647
6651 1 6649
6655 1 6651
10265 1 6655
3800 1 10265
3488 1 3800
3492 1 3488
6670 1 3492
6673 1 6670
6677 1 6673
6681 1 6677
7125 1 6681
6813 1 7125
10180 1 6813
6815 1 10180
6817 1 6815
7130 1 6817
7014 1 7130
6713 1 6934
6717 1 6713
6720 1 6717
6722 1 6720
6729 1 6722
6732 1 6729
6734 1 6732
6737 1 6734
6743 1 6737
6746 1 6743
6749 1 6746
6753 1 6749
6763 1 6753
6765 1 6763
3532 1 6765
3533 1 3532
6766 1 3533
6768 1 6766
3836 1 6768
3558 1 3836
6769 1 3558
3597 1 6769
6770 1 3597
3599 1 6770
3560 1 3599
6771 1 3560
6772 1 6771
6775 1 6772
6934 1 6775
6714 1 6935
6716 1 6714
6723 1 6716
6726 1 6723
6730 1 6726
6735 1 6730
6739 1 6735
6744 1 6739
6750 1 6744
10179 1 6750
6754 1 10179
6761 1 6754
3559 1 6761
6697 1 3559
6816 1 6697
6935 1 6816
6640 1 6948
6652 1 6640
6653 1 6652
3817 1 6653
10172 1 3817
10266 1 10172
3489 1 10266
10662 1 3489
3611 1 10662
6669 1 3611
6668 1 6669
3493 1 6668
6674 1 3493
6678 1 6674
6682 1 6678
6684 1 6682
6686 1 6684
6688 1 6686
10660 1 6688
10659 1 10660
3821 1 10659
3822 1 3821
6719 1 3822
6731 1 6719
10661 1 6731
6736 1 10661
10194 1 6736
6740 1 10194
6742 1 6740
6741 1 6742
10267 1 6741
6745 1 10267
7126 1 6745
6748 1 7126
10177 1 6748
10178 1 10177
6755 1 10178
6757 1 6755
6759 1 6757
6760 1 6759
6764 1 6760
3531 1 6764
6774 1 3531
3521 1 6774
6712 1 3521
3837 1 6712
3539 1 3837
3536 1 3539
3495 1 3536
3561 1 3495
6667 1 3561
3600 1 6667
3838 1 3600
3839 1 3838
6777 1 3839
7127 1 6777
6778 1 7127
6779 1 6778
6822 1 6779
6780 1 6822
6938 1 6780
6939 1 6938
6942 1 6939
6949 1 6942
6950 1 6949
6781 1 6950
6782 1 6781
3496 1 6782
6783 1 3496
6784 1 6783
6785 1 6784
6932 1 6785
7128 1 6932
3797 1 7128
10198 1 3797
10200 1 10198
10201 1 10200
10199 1 10201
3538 1 10199
6789 1 3538
10176 1 6789
6661 1 10176
6790 1 6661
7131 1 6790
3827 1 7131
3828 1 3827
3826 1 3828
6791 1 3826
6792 1 6791
10204 1 6792
10203 1 10204
10268 1 10203
6762 1 10268
10205 1 6762
10207 1 10205
3761 1 10207
3762 1 3761
3763 1 3762
3703 1 3763
3704 1 3703
3705 1 3704
6793 1 3705
6823 1 6793
10211 1 6823
6794 1 10211
6936 1 6794
6937 1 6936
6795 1 6937
7012 1 6795
10208 1 7012
6943 1 10208
6944 1 6943
6952 1 6944
6951 1 6952
6796 1 6951
6797 1 6796
6798 1 6797
6799 1 6798
6800 1 6799
6801 1 6800
6802 1 6801
6804 1 6802
3706 1 6804
6805 1 3706
6806 1 6805
10210 1 6806
6807 1 10210
6808 1 6807
6933 1 6808
7129 1 6933
7015 1 7129
7013 1 7015
3819 1 7013
3490 1 3819
3823 1 3490
6715 1 3823
3598 1 6715
3494 1 3598
6758 1 3494
6725 1 6758
6738 1 6725
6948 1 6738
