214
6640 6641 6642 6643 6644 6645 6647 6648 6649 6650 6651 6652 6653 6654 6655 10175 10265 3817 3819 10266 3799 3800 6666 3488 3489 10662 3611 6669 6668 3491 3492 3493 3816 6670 6671 6672 6673 6674 7124 6677 6678 6680 6681 6682 6683 6684 6685 6686 6687 6688 10660 6691 7125 6693 6694 6695 10659 10180 6698 6815 6699 6700 3801 6706 6707 7013 7014 6713 3821 3822 3823 6714 6715 6716 6717 6719 6722 6723 6725 6726 6729 6730 6731 6732 6734 6735 6736 10194 6737 6738 6739 6740 6742 6741 10267 6743 6744 6745 6746 6748 10177 6749 6750 10179 10178 6753 6754 6755 6757 6758 6759 6760 6761 6763 6764 6765 3531 3533 6948 6766 6768 3836 3558 3559 6697 3597 6770 3598 3599 6934 6935 3521 6712 3837 3536 6819 3495 3561 6667 3600 3838 3839 6777 7127 6778 6779 6822 6780 6938 6939 6942 6941 6949 6950 6781 6782 3496 6783 6784 6785 6932 7128 3797 10198 10200 10201 10199 6789 10176 6661 6790 7131 3827 3828 3826 6791 6792 10204 10203 10268 6762 10205 10207 3761 3762 3763 3703 3705 6793 6823 6794 6936 6937 6795 7012 6943 6944 6952 6951 6796 6797 6798 6799 6800 6801 6804 3706 6805 6806 6807 6808 6933 7129 7015 
6640 4 6641 6713 3821 3822
6641 3 6640 6713 3822
6642 3 6643 3823 6714
6643 3 6642 3823 6714
6644 3 6645 6715 6716
6645 3 6644 6715 6716
6647 2 6717 6719
6648 1 6649
6649 1 6648
6650 3 6651 6652 6653
6651 3 6650 6652 6653
6652 3 6650 6651 6653
6653 3 6650 6651 6652
6654 3 6655 6725 6726
6655 3 6654 6725 6726
10175 2 10265 3817
10265 2 10175 3817
3817 2 10175 10265
3819 1 3536
10266 1 6732
3799 1 3800
3800 1 3799
6666 4 3488 3489 6737 6738
3488 4 6666 3489 6737 6738
3489 4 6666 3488 6737 6738
10662 2 6739 6740
3611 3 6669 6668 6743
6669 3 3611 6668 6743
6668 4 3611 6669 6743 6745
3491 5 3492 3493 6746 6748 10177
3492 5 3491 3493 6746 6748 10177
3493 5 3491 3492 6746 6748 10177
3816 7 6670 6671 6749 3600 3838 6791 6792
6670 2 3816 6671
6671 7 3816 6670 6749 3600 3838 6791 6792
6672 5 6673 6674 7124 10179 10178
6673 5 6672 6674 7124 10179 10178
6674 5 6672 6673 7124 10179 10178
7124 5 6672 6673 6674 10179 10178
6677 1 6678
6678 1 6677
6680 2 6681 6682
6681 2 6680 6682
6682 2 6680 6681
6683 5 6684 6757 6758 6759 6760
6684 5 6683 6757 6758 6759 6760
6685 2 6686 6761
6686 2 6685 6761
6687 3 6688 6765 3531
6688 3 6687 6765 3531
10660 2 3533 6948
6691 2 7125 6766
7125 2 6691 6766
6693 1 6768
6694 2 3836 3496
6695 3 10659 3558 3559
10659 3 6695 3558 3559
10180 1 6697
6698 2 6815 3597
6815 2 6698 3597
6699 1 6770
6700 1 3598
3801 1 3599
6706 2 6707 6801
6707 2 6706 6801
7013 8 7014 6934 6935 6932 7128 6933 7129 7015
7014 8 7013 6934 6935 6932 7128 6933 7129 7015
6713 4 6640 6641 3821 3822
3821 3 6640 6713 3822
3822 4 6640 6641 6713 3821
3823 3 6642 6643 6714
6714 3 6642 6643 3823
6715 3 6644 6645 6716
6716 3 6644 6645 6715
6717 2 6647 6719
6719 2 6647 6717
6722 1 6723
6723 1 6722
6725 3 6654 6655 6726
6726 3 6654 6655 6725
6729 4 6730 6731 3536 6819
6730 4 6729 6731 3536 6819
6731 4 6729 6730 3536 6819
6732 1 10266
6734 3 6735 6736 10194
6735 3 6734 6736 10194
6736 3 6734 6735 10194
10194 3 6734 6735 6736
6737 4 6666 3488 3489 6738
6738 4 6666 3488 3489 6737
6739 2 10662 6740
6740 2 10662 6739
6742 5 6741 10267 6743 6744 6745
6741 5 6742 10267 6743 6744 6745
10267 5 6742 6741 6743 6744 6745
6743 8 3611 6669 6668 6742 6741 10267 6744 6745
6744 5 6742 6741 10267 6743 6745
6745 6 6668 6742 6741 10267 6743 6744
6746 5 3491 3492 3493 6748 10177
6748 5 3491 3492 3493 6746 10177
10177 5 3491 3492 3493 6746 6748
6749 7 3816 6671 6750 3600 3838 6791 6792
6750 5 6749 3600 3838 6791 6792
10179 5 6672 6673 6674 7124 10178
10178 5 6672 6673 6674 7124 10179
6753 2 6754 6755
6754 2 6753 6755
6755 2 6753 6754
6757 2 6683 6684
6758 4 6683 6684 6759 6760
6759 4 6683 6684 6758 6760
6760 4 6683 6684 6758 6759
6761 4 6685 6686 10268 6762
6763 1 6764
6764 1 6763
6765 3 6687 6688 3531
3531 3 6687 6688 6765
3533 2 10660 6948
6948 4 10660 3533 6781 6796
6766 2 6691 7125
6768 1 6693
3836 3 6694 6782 3496
3558 3 6695 10659 3559
3559 3 6695 10659 3558
6697 1 10180
3597 2 6698 6815
6770 1 6699
3598 1 6700
3599 1 3801
6934 8 7013 7014 6935 6932 7128 6933 7129 7015
6935 8 7013 7014 6934 6932 7128 6933 7129 7015
3521 2 6712 3797
6712 2 3521 3797
3837 1 6789
3536 5 3819 6729 6730 6731 6819
6819 4 6729 6730 6731 3536
3495 4 3561 6790 7131 3826
3561 4 3495 6790 7131 3826
6667 2 3827 3828
3600 7 3816 6671 6749 6750 3838 6791 6792
3838 7 3816 6671 6749 6750 3600 6791 6792
3839 1 6777
6777 1 3839
7127 2 3763 3703
6778 1 3705
6779 1 6793
6822 1 6823
6780 2 6794 6936
6938 3 6939 6937 6795
6939 3 6938 6937 6795
6942 3 6941 6943 6944
6941 3 6942 6943 6944
6949 3 6950 6952 6951
6950 3 6949 6952 6951
6781 3 6948 6796 6797
6782 4 3836 3496 6798 6799
3496 5 6694 3836 6782 6798 6799
6783 3 6784 6805 6806
6784 3 6783 6805 6806
6785 2 6807 6808
6932 8 7013 7014 6934 6935 7128 6933 7129 7015
7128 8 7013 7014 6934 6935 6932 6933 7129 7015
3797 2 3521 6712
10198 3 10200 10201 10199
10200 3 10198 10201 10199
10201 3 10198 10200 10199
10199 3 10198 10200 10201
6789 1 3837
10176 1 6661
6661 1 10176
6790 4 3495 3561 7131 3826
7131 4 3495 3561 6790 3826
3827 2 6667 3828
3828 2 6667 3827
3826 4 3495 3561 6790 7131
6791 7 3816 6671 6749 6750 3600 3838 6792
6792 7 3816 6671 6749 6750 3600 3838 6791
10204 1 10203
10203 1 10204
10268 2 6761 6762
6762 2 6761 10268
10205 1 10207
10207 1 10205
3761 1 3762
3762 1 3761
3763 2 7127 3703
3703 2 7127 3763
3705 1 6778
6793 1 6779
6823 1 6822
6794 2 6780 6936
6936 2 6780 6794
6937 4 6938 6939 6795 7012
6795 4 6938 6939 6937 7012
7012 2 6937 6795
6943 3 6942 6941 6944
6944 3 6942 6941 6943
6952 3 6949 6950 6951
6951 3 6949 6950 6952
6796 3 6948 6781 6797
6797 2 6781 6796
6798 4 6782 3496 6799 6800
6799 4 6782 3496 6798 6800
6800 2 6798 6799
6801 2 6706 6707
6804 1 3706
3706 1 6804
6805 3 6783 6784 6806
6806 3 6783 6784 6805
6807 2 6785 6808
6808 2 6785 6807
6933 8 7013 7014 6934 6935 6932 7128 7129 7015
7129 8 7013 7014 6934 6935 6932 7128 6933 7015
7015 8 7013 7014 6934 6935 6932 7128 6933 7129
