101
6640 6641 6642 6643 6644 6645 6646 6647 6648 6649 6650 6651 6652 6653 6654 6655 6656 6657 6659 6660 6658 10264 10175 10265 3817 3818 3819 10172 3820 6663 10266 10173 3799 3800 6664 6665 6666 3488 10174 3489 10662 3611 6669 6668 3815 3490 3491 3492 3493 3816 6670 6671 6672 6673 6674 7124 6676 6677 6678 6679 6820 6680 6681 6682 6683 6684 6685 6686 6687 6688 6689 6690 10660 6691 7125 6692 6693 6694 6813 6695 10659 6696 10180 6698 6815 6817 6699 6700 3801 6914 6702 3510 6703 6704 10269 6705 6706 6707 7130 7013 7014 
6640 1 7014
6641 1 6640
6642 1 6641
6643 1 6642
6644 1 6643
6645 1 6644
6646 1 6645
6647 1 6646
6648 1 6647
6649 1 6648
6650 1 6649
6651 1 6650
6652 1 6651
6653 1 6652
6654 1 6653
6655 1 6654
6656 1 6655
6657 1 6656
6659 1 6657
6660 1 6659
6658 1 6660
10264 1 6658
10175 1 10264
10265 1 10175
3817 1 10265
3818 1 3817
3819 1 3818
10172 1 3819
3820 1 10172
6663 1 3820
10266 1 6663
10173 1 10266
3799 1 10173
3800 1 3799
6664 1 3800
6665 1 6664
6666 1 6665
3488 1 6666
10174 1 3488
3489 1 10174
10662 1 3489
3611 1 10662
6669 1 3611
6668 1 6669
3815 1 6668
3490 1 3815
3491 1 3490
3492 1 3491
3493 1 3492
3816 1 3493
6670 1 3816
6671 1 6670
6672 1 6671
6673 1 6672
6674 1 6673
7124 1 6674
6676 1 7124
6677 1 6676
6678 1 6677
6679 1 6678
6820 1 6679
6680 1 6820
6681 1 6680
6682 1 6681
6683 1 6682
6684 1 6683
6685 1 6684
6686 1 6685
6687 1 6686
6688 1 6687
6689 1 6688
6690 1 6689
10660 1 6690
6691 1 10660
7125 1 6691
6692 1 7125
6693 1 6692
6694 1 6693
6813 1 6694
6695 1 6813
10659 1 6695
6696 1 10659
10180 1 6696
6698 1 10180
6815 1 6698
6817 1 6815
6699 1 6817
6700 1 6699
3801 1 6700
6914 1 3801
6702 1 6914
3510 1 6702
6703 1 3510
6704 1 6703
10269 1 6704
6705 1 10269
6706 1 6705
6707 1 6706
7130 1 6707
7013 1 7130
7014 1 7013
