131
3488 3490 3491 3492 3494 3510 3532 3533 3558 3559 3560 3597 3598 3599 3799 3800 3801 3815 3816 3818 3819 3820 3823 3836 6641 6642 6643 6644 6645 6646 6647 6648 6649 6650 6651 6654 6655 6656 6657 6663 6664 6665 6666 6670 6672 6673 6676 6677 6679 6680 6681 6683 6685 6687 6689 6690 6691 6692 6693 6694 6695 6696 6697 6698 6699 6700 6702 6703 6704 6706 6713 6714 6715 6716 6717 6718 6720 6721 6722 6723 6725 6726 6727 6728 6729 6730 6732 6733 6734 6735 6737 6738 6739 6743 6744 6746 6747 6749 6750 6753 6754 6758 6761 6763 6765 6766 6767 6768 6769 6770 6771 6772 6773 6775 6813 6815 6816 6817 6914 6934 6935 6948 7013 7014 7125 7130 10175 10179 10180 10265 10269 
3488 2 10175 6687
3490 1 3488
3491 3 6948 3510 6657
3492 1 6743
3494 3 3820 6694 10269
3510 1 6728
3532 2 6691 6729
3533 2 6721 6765
3558 2 6768 3818
3559 3 6698 6749 6772
3560 1 6948
3597 2 6772 6739
3598 2 6687 6694
3599 2 3819 3598
3799 3 6691 6735 6647
3800 3 6692 10265 6743
3801 3 3510 6673 3599
3815 2 6758 6677
3816 2 6754 3559
3818 2 6728 6698
3819 1 3559
3820 3 6651 6735 6768
3823 2 3799 6703
3836 2 6648 6763
6641 3 3836 6722 6679
6642 1 6730
6643 2 6663 6766
6644 3 3490 6775 6716
6645 2 6735 6670
6646 3 3559 6934 6767
6647 3 6816 6676 3799
6648 1 3488
6649 1 6718
6650 3 6775 6813 10269
6651 3 6769 6747 6770
6654 1 6935
6655 1 6676
6656 1 6722
6657 3 6646 3510 6767
6663 3 3820 6687 6706
6664 1 6737
6665 3 6649 6770 6775
6666 2 6747 6642
6670 3 6643 6642 6729
6672 2 7130 6644
6673 1 10265
6676 2 6680 6650
6677 2 6718 6697
6679 3 6657 6750 6813
6680 1 6734
6681 2 6685 3492
6683 1 6713
6685 2 3799 6645
6687 3 6704 6664 6670
6689 1 6715
6690 3 6728 6948 3492
6691 3 3819 3820 3818
6692 3 6732 3492 7013
6693 2 6703 6673
6694 2 6749 6817
6695 3 6948 3598 7014
6696 1 3494
6697 3 6773 3819 7130
6698 2 6817 6665
6699 2 6773 6725
6700 3 7014 6681 6676
6702 1 6657
6703 2 7125 3818
6704 1 3597
6706 3 6729 6732 6657
6713 1 6656
6714 3 6697 6763 6725
6715 3 6738 6665 6687
6716 3 3492 6761 6672
6717 1 6672
6718 2 3800 6663
6720 2 6761 6691
6721 2 6704 6935
6722 3 6656 6654 6816
6723 3 6771 6673 7014
6725 3 7125 6687 6676
6726 2 3490 6680
6727 2 7014 6665
6728 3 3801 6935 6664
6729 3 6766 6770 6666
6730 2 3820 3815
6732 3 6817 6665 6641
6733 3 3599 6702 6657
6734 2 6771 6935
6735 1 6815
6737 2 6758 6723
6738 3 6654 6714 6702
6739 3 3494 3815 6720
6743 1 6729
6744 3 6704 6730 6775
6746 1 3816
6747 2 6765 6734
6749 3 6728 6644 6650
6750 2 6691 6655
6753 2 6665 6775
6754 2 3815 6654
6758 2 6765 6732
6761 2 6643 10265
6763 2 6666 6696
6765 3 6645 6753 3558
6766 2 3818 3559
6767 2 6718 6702
6768 1 6716
6769 3 6732 3816 6725
6770 2 3494 6679
6771 1 6680
6772 1 6769
6773 3 6754 6753 6657
6775 1 6934
6813 1 6693
6815 3 6765 3815 3492
6816 1 6739
6817 1 7013
6914 3 6718 3799 6771
6934 1 6733
6935 2 6693 6714
6948 3 6817 6744 6765
7013 2 6773 6649
7014 1 6815
7125 3 6815 6717 3800
7130 1 6766
10175 3 6816 6685 3559
10179 2 3599 6648
10180 3 6729 6700 6655
10265 1 3819
10269 1 6772
