% valor	NoC_0	NoC_1	NoC_2	NoC_2zz	NoC_3	NoC_3c1
-235	0	1	0	0	0	0
-234	0	0	0	0	0	0
-233	0	0	0	0	0	0
-232	0	0	0	0	0	0
-231	0	0	0	0	0	0
-230	0	0	0	0	0	0
-229	0	0	0	0	0	0
-228	0	0	0	0	0	0
-227	0	0	0	0	0	0
-226	0	0	0	0	0	0
-225	0	0	0	0	0	0
-224	0	0	0	0	0	0
-223	0	0	0	0	0	1
-222	0	0	0	0	0	0
-221	0	0	0	0	0	0
-220	0	0	0	0	0	0
-219	0	0	0	0	0	0
-218	0	0	0	0	0	0
-217	0	0	0	0	0	0
-216	0	0	0	0	0	0
-215	0	0	1	7	0	0
-214	0	0	0	9	0	0
-213	0	0	0	4	0	0
-212	0	0	0	5	0	0
-211	0	0	0	2	0	0
-210	0	0	0	4	0	0
-209	0	0	0	1	0	0
-208	0	0	0	2	0	0
-207	0	0	0	3	0	0
-206	0	0	0	10	0	0
-205	0	0	0	8	0	0
-204	0	0	0	11	0	0
-203	0	0	0	6	0	0
-202	0	0	0	4	0	0
-201	0	0	0	3	0	0
-200	0	0	0	22	0	0
-199	0	0	0	5	0	0
-198	0	0	0	8	0	0
-197	0	0	0	10	0	0
-196	0	0	0	2	0	0
-195	0	0	0	13	0	0
-194	0	0	0	18	0	0
-193	0	0	0	38	0	0
-192	0	0	0	25	0	0
-191	0	0	0	23	0	0
-190	0	0	0	58	0	0
-189	0	0	0	36	0	0
-188	0	0	0	35	0	0
-187	0	0	0	23	0	0
-186	0	0	0	13	0	0
-185	0	0	0	7	0	0
-184	0	0	0	7	0	0
-183	0	0	0	10	0	0
-182	0	0	0	8	0	0
-181	0	0	0	17	0	0
-180	0	0	0	22	0	0
-179	0	0	0	10	0	0
-178	0	0	0	17	0	0
-177	0	0	0	22	0	0
-176	0	0	0	42	0	0
-175	0	0	0	43	0	0
-174	0	0	0	63	0	0
-173	0	0	0	56	0	0
-172	0	0	0	68	1	0
-171	0	0	0	41	0	0
-170	0	0	0	53	0	0
-169	0	0	0	46	0	0
-168	0	0	0	38	0	0
-167	0	0	0	24	0	0
-166	0	0	0	36	0	0
-165	0	0	0	35	0	0
-164	0	0	0	62	1	0
-163	0	0	0	35	0	0
-162	0	0	0	52	0	0
-161	0	0	0	45	0	0
-160	0	0	0	39	0	0
-159	0	0	0	29	0	0
-158	0	0	0	54	0	0
-157	0	0	0	45	0	0
-156	0	0	0	40	0	0
-155	0	0	0	64	0	0
-154	0	0	0	60	0	0
-153	0	0	0	70	0	0
-152	0	0	0	95	0	0
-151	0	0	0	70	0	0
-150	0	0	0	75	0	0
-149	0	0	0	73	0	1
-148	0	0	0	74	0	0
-147	0	0	0	92	0	0
-146	0	0	0	83	0	0
-145	0	0	0	95	0	0
-144	0	0	0	91	0	0
-143	0	0	0	73	0	0
-142	0	0	0	50	0	1
-141	0	0	0	46	0	0
-140	0	0	0	65	0	0
-139	0	0	0	64	0	0
-138	0	0	0	51	0	0
-137	0	0	0	49	0	0
-136	0	0	0	55	0	0
-135	0	0	0	65	0	0
-134	0	0	0	77	1	0
-133	0	0	0	118	0	0
-132	0	1	0	99	0	0
-131	0	0	0	114	0	0
-130	0	0	1	81	0	0
-129	0	0	0	90	0	1
-128	0	0	0	85	0	1
-127	0	0	0	92	0	0
-126	0	0	0	129	0	0
-125	0	0	0	92	0	2
-124	0	0	0	128	0	0
-123	0	0	0	106	0	0
-122	0	1	2	118	0	0
-121	0	0	1	117	0	0
-120	0	0	0	145	0	0
-119	0	0	0	109	0	0
-118	0	0	0	136	0	0
-117	0	0	0	130	0	0
-116	0	0	0	118	0	0
-115	0	0	1	122	0	1
-114	0	0	0	108	0	0
-113	0	0	0	140	0	1
-112	0	0	2	137	0	2
-111	0	0	1	130	1	0
-110	0	0	2	125	2	0
-109	0	1	0	125	4	5
-108	0	1	2	139	3	1
-107	0	0	0	143	6	1
-106	0	0	6	139	5	2
-105	0	0	5	189	4	2
-104	0	0	7	188	10	4
-103	0	0	14	223	15	1
-102	0	2	21	192	21	1
-101	0	1	15	190	26	2
-100	0	0	29	171	25	4
-99	0	0	15	176	58	2
-98	0	1	26	148	72	8
-97	0	6	31	157	86	5
-96	0	1	45	195	106	10
-95	0	1	51	209	100	8
-94	0	3	29	214	176	6
-93	0	6	19	217	202	11
-92	0	6	25	265	232	15
-91	0	6	31	232	285	18
-90	0	3	38	241	393	16
-89	0	21	58	242	467	32
-88	0	10	88	256	542	34
-87	0	16	67	223	571	26
-86	0	8	70	217	589	34
-85	0	19	73	237	761	40
-84	0	15	83	292	878	40
-83	0	17	73	257	1032	47
-82	0	27	81	307	1198	56
-81	0	28	99	325	1245	53
-80	0	22	99	377	1283	77
-79	0	29	102	296	1413	105
-78	0	40	109	340	1391	75
-77	0	60	109	338	1412	81
-76	0	42	148	319	1492	100
-75	0	52	144	346	1644	106
-74	0	42	155	393	1547	117
-73	0	56	127	371	1601	127
-72	0	79	129	411	1645	127
-71	0	47	132	360	1693	143
-70	0	63	176	444	1878	182
-69	0	65	153	473	2040	190
-68	0	67	184	460	2195	194
-67	0	148	215	534	2390	234
-66	0	88	217	598	2491	230
-65	0	90	260	612	2625	295
-64	0	117	317	619	2801	275
-63	0	140	305	637	3067	320
-62	0	140	380	662	3322	394
-61	0	135	348	660	3521	363
-60	0	156	331	753	3753	449
-59	0	185	384	770	3976	471
-58	0	185	401	895	4187	512
-57	0	249	446	817	4501	572
-56	0	235	471	1037	4790	612
-55	0	308	481	972	5004	675
-54	0	292	541	1098	5326	716
-53	0	297	619	1108	5588	791
-52	0	347	635	1384	5989	994
-51	0	417	703	1398	6454	1025
-50	0	430	824	1529	6971	1176
-49	0	544	876	1570	7460	1292
-48	0	550	995	1731	7952	1468
-47	0	644	1123	1753	8607	1668
-46	0	739	1188	2160	8995	1853
-45	0	751	1327	1955	9695	2017
-44	0	860	1550	2456	10108	2317
-43	0	1002	1628	2428	10381	2490
-42	0	1093	1858	3117	10930	2856
-41	0	1059	1992	3053	11097	3135
-40	0	1337	2387	3661	11548	3346
-39	0	1478	2494	3335	11942	3833
-38	0	1674	2719	4278	12348	4077
-37	0	1798	3106	3932	12736	4502
-36	0	2160	3311	5162	13314	5116
-35	0	2381	3715	4603	13773	5685
-34	0	2597	4081	5924	14528	6249
-33	0	2980	4632	5619	15312	6748
-32	0	3307	5137	6808	16244	7445
-31	0	3790	5680	6504	17705	8279
-30	0	4380	6262	8104	18692	9117
-29	0	4616	7036	7430	20256	9977
-28	0	5470	7850	9639	21583	11234
-27	0	6271	8732	9029	22772	12278
-26	0	7001	9854	11501	24209	13537
-25	0	7893	10918	10702	26262	14793
-24	0	8627	12211	13370	28485	16341
-23	0	9961	13788	12084	30356	17948
-22	0	11008	15398	15136	33198	19908
-21	0	12550	17289	14108	35493	21884
-20	0	14273	19538	17607	38122	24369
-19	0	16032	22119	16561	41134	26633
-18	0	17934	24155	21064	46075	29464
-17	0	20246	27281	20233	52393	32706
-16	0	22931	30669	25513	59542	36105
-15	0	25954	34107	24825	68839	40017
-14	0	29382	38455	31918	80891	44598
-13	0	33698	43424	30726	94165	50028
-12	0	38588	49289	41328	110404	56358
-11	0	44496	56374	40785	128433	63970
-10	0	51492	65882	59473	148005	73856
-9	0	60605	77626	59931	169773	86648
-8	0	72654	95546	96278	192854	104943
-7	0	89564	121248	101574	218511	130706
-6	0	116215	163632	173779	243924	170995
-5	0	163219	232526	192491	272753	235019
-4	0	254712	342210	332277	303766	333604
-3	0	436638	493903	372542	336241	466868
-2	0	734773	672342	588984	368672	625826
-1	0	1070967	824276	654225	391720	762802
0	30691	1262885	890098	890098	399478	822082
1	1305	1065277	822723	675720	375749	761567
2	1757	728434	667088	624778	347397	624721
3	2882	431067	488312	420998	317167	468236
4	7520	250257	337989	379744	291201	331942
5	12183	158555	230393	243676	265609	236252
6	8503	112419	162610	223465	237849	172034
7	4989	86771	120633	147437	209566	131010
8	7883	69706	94913	139350	183168	105373
9	7181	58630	77956	100589	159936	86998
10	8366	49888	65735	95950	136151	74104
11	6957	42989	56718	74611	112612	64052
12	7217	37364	49725	72782	93561	56585
13	10467	32950	43903	59053	79103	50226
14	10379	29259	38533	58375	67840	44640
15	14007	25913	34422	48186	58363	39917
16	12713	22658	30852	48486	51528	36381
17	13021	20137	27209	40693	45384	32793
18	18269	17937	24000	40901	40748	29338
19	15962	16005	21544	34073	36365	26952
20	22685	14298	19101	34747	33696	24072
21	17997	12989	17293	29351	30758	21868
22	16186	11300	15390	30144	28846	19781
23	16127	10015	13745	25812	27850	17982
24	16227	8967	12479	26519	26012	16286
25	18990	7973	11051	22525	24976	14879
26	18038	7283	10026	23031	23523	13574
27	17795	6363	9022	19620	22353	12244
28	17858	5580	8040	20118	21198	11115
29	18560	5031	7174	17270	20096	10091
30	23472	4599	6398	17914	18776	9119
31	20030	4037	5800	15069	17461	8276
32	19603	3694	5175	15948	16655	7413
33	19972	3292	4846	13232	15638	6715
34	26580	2921	4303	14009	14868	6234
35	23363	2581	3855	11711	14105	5482
36	22149	2362	3347	12498	13181	5002
37	22304	2105	3200	10578	12757	4631
38	22527	2008	2691	11254	12268	4108
39	24395	1710	2541	9275	11654	3709
40	27173	1478	2231	9730	11576	3277
41	31099	1389	2009	7957	11404	3095
42	39728	1265	1819	8769	11118	2751
43	46237	1147	1699	7218	10674	2382
44	52639	1031	1590	7772	10302	2305
45	57533	876	1358	6336	9805	2009
46	63282	831	1249	7016	9156	1840
47	68038	760	1132	5546	8622	1675
48	77259	639	1066	6232	8188	1547
49	71172	580	964	4959	7673	1267
50	70100	518	870	5443	7367	1134
51	67385	446	824	4489	6759	1039
52	64627	413	732	5007	6475	930
53	62764	388	651	3824	6088	817
54	66244	309	610	4421	5407	774
55	70966	280	575	3456	5057	685
56	76331	262	536	3889	4616	638
57	81956	233	439	3108	4378	590
58	90476	223	401	3510	4102	511
59	100994	196	377	2710	3994	484
60	108476	189	356	3104	3763	389
61	113465	158	341	2471	3728	359
62	124369	142	260	2750	3569	365
63	128695	124	261	2211	3368	335
64	139134	141	235	2434	3101	271
65	147408	114	226	1912	2761	237
66	151129	99	232	2317	2529	247
67	151350	93	232	1707	2259	234
68	152146	74	199	2034	2083	229
69	155632	86	182	1498	1785	195
70	161508	84	173	1815	1699	171
71	170852	65	138	1402	1498	149
72	181169	63	138	1604	1523	135
73	191430	74	153	1201	1368	132
74	197578	49	144	1529	1329	131
75	199837	52	133	1061	1293	106
76	201011	44	145	1300	1239	118
77	201414	38	133	974	1300	88
78	205477	38	126	1227	1231	74
79	207821	43	94	856	1269	85
80	207555	22	83	1040	1206	65
81	206814	37	52	762	1052	67
82	205976	35	66	948	1000	55
83	207562	22	55	767	955	50
84	209701	31	53	851	871	36
85	207689	16	61	650	876	43
86	201651	19	58	807	806	45
87	192853	17	61	542	720	20
88	184610	17	55	739	669	26
89	172888	17	44	489	508	25
90	157105	13	35	629	502	11
91	135899	13	29	446	415	12
92	113865	4	25	555	318	11
93	93439	5	14	390	284	20
94	76575	9	21	531	239	15
95	62347	9	26	363	157	7
96	51985	6	22	451	110	10
97	43837	7	32	356	104	5
98	35390	3	29	371	64	5
99	28677	1	13	304	53	4
100	23009	3	17	370	39	4
101	19582	1	2	268	34	2
102	16460	0	5	293	17	2
103	13130	3	4	217	17	2
104	9606	2	4	281	14	0
105	6642	1	5	189	10	1
106	4416	1	5	232	5	2
107	2955	1	10	195	6	2
108	1906	0	7	239	8	1
109	1361	0	6	180	4	2
110	845	0	3	206	1	0
111	570	0	2	191	1	0
112	363	1	3	197	0	0
113	235	0	2	146	1	4
114	157	0	4	178	0	1
115	101	0	0	136	0	0
116	61	0	0	144	0	0
117	49	0	1	132	0	0
118	24	0	0	128	0	0
119	22	0	0	108	1	0
120	19	0	0	109	1	1
121	20	0	1	126	0	2
122	14	0	1	149	0	1
123	18	0	0	116	0	1
124	19	1	0	98	0	0
125	28	0	1	101	0	0
126	16	0	0	85	1	1
127	15	0	0	89	0	0
128	16	0	0	86	0	0
129	7	0	0	73	0	0
130	18	0	0	86	0	1
131	17	0	0	67	0	0
132	14	0	0	97	0	1
133	13	0	0	81	0	0
134	16	0	0	63	0	0
135	22	0	0	68	0	0
136	10	0	0	44	0	0
137	15	0	0	52	0	0
138	14	0	0	64	1	0
139	6	0	1	64	0	0
140	6	0	0	61	0	0
141	7	0	0	65	0	0
142	3	0	0	48	0	0
143	5	0	0	45	0	0
144	3	0	0	48	0	0
145	1	0	0	28	0	1
146	2	0	0	45	0	0
147	1	0	0	43	0	0
148	1	0	0	33	0	0
149	0	0	0	41	0	0
150	0	1	0	32	0	0
151	0	0	0	38	0	0
152	0	0	0	28	0	0
153	1	0	0	29	0	0
154	0	0	0	23	0	0
155	1	0	0	24	0	0
156	0	0	0	25	0	0
157	0	0	0	20	0	0
158	0	0	0	23	0	0
159	0	0	0	17	0	0
160	0	0	0	19	0	0
161	0	0	0	27	0	0
162	0	0	0	11	0	0
163	0	0	0	13	1	0
164	0	0	0	12	0	0
165	0	0	0	18	0	0
166	0	0	0	12	0	0
167	1	0	0	9	0	0
168	0	0	0	17	0	0
169	0	0	0	7	0	0
170	0	0	0	7	0	0
171	1	0	0	15	0	0
172	0	0	0	7	0	0
173	0	0	0	9	0	0
174	0	0	0	10	0	0
175	0	0	0	12	0	0
176	0	0	0	6	0	0
177	0	0	0	8	0	0
178	0	0	0	6	0	0
179	0	0	0	5	0	0
180	0	0	0	3	0	0
181	0	0	0	1	0	0
182	0	0	0	6	0	0
183	0	0	0	1	0	0
184	0	0	0	2	0	0
185	0	0	0	2	0	0
186	1	0	0	1	0	0
187	0	0	0	2	0	0
188	0	0	0	2	0	0
189	0	0	0	2	0	0
190	0	0	0	3	0	0
191	0	0	0	1	0	0
192	0	0	0	0	0	0
193	0	0	0	0	0	0
194	0	0	0	0	0	0
195	0	0	0	0	1	0
196	0	0	0	0	0	0
197	0	0	0	0	0	0
198	1	0	0	0	0	0
199	0	0	0	0	0	0
200	0	0	0	2	0	0
201	0	0	0	2	0	0
202	0	0	0	0	0	0
203	0	0	0	0	0	0
204	1	0	0	0	0	0
205	0	0	0	0	0	0
206	0	0	0	1	0	0
207	0	0	0	1	0	0
208	0	0	0	1	0	0
209	0	0	0	0	0	0
210	0	0	0	0	0	0
211	0	0	0	0	0	0
212	0	0	0	0	0	0
213	0	0	0	0	0	0
214	0	0	0	0	0	0
215	0	0	0	0	0	0
216	0	0	0	1	0	0
217	0	0	0	0	0	0
218	0	0	0	1	0	0
219	0	0	0	0	0	0
220	0	0	0	0	0	0
221	0	0	0	0	0	0
222	0	0	0	0	0	0
223	0	0	0	0	0	0
224	0	0	0	0	0	0
225	0	0	0	0	0	0
226	0	0	0	0	0	0
227	0	0	0	0	0	0
228	0	0	0	0	0	1
229	0	0	0	0	0	0
230	0	0	0	0	0	0
231	0	0	0	0	0	0
232	0	0	0	0	0	0
233	0	0	0	0	0	0
234	0	0	0	0	0	0
235	1	0	0	0	0	0
236	0	0	0	0	0	0
237	0	0	0	0	0	0
238	0	0	0	0	0	0
239	0	0	0	0	0	0
240	0	0	0	0	0	0
241	0	0	0	0	0	0
242	0	0	0	1	0	0
243	0	0	0	0	0	0
244	0	0	0	2	0	0
245	0	0	0	0	0	0
246	0	0	0	0	0	0
247	0	0	0	0	0	0
248	0	0	0	0	0	0
249	0	0	0	0	0	0
250	0	0	0	0	0	0
251	0	0	0	0	0	0
252	0	0	0	0	0	0
253	0	0	0	0	0	0
254	0	0	0	0	0	0
255	0	0	0	0	0	0
256	0	0	0	0	0	0
257	0	0	0	0	0	0
258	0	0	0	0	0	0
259	0	0	0	0	0	0
260	0	0	0	0	0	0
261	0	0	0	0	0	0
262	0	0	0	0	0	0
263	0	0	0	0	0	0
264	0	0	0	0	0	0
265	0	0	0	0	0	0
266	0	0	0	0	0	0
267	0	0	0	0	0	0
268	0	0	0	0	0	0
269	0	0	0	0	0	0
270	0	0	0	0	0	0
271	0	0	0	0	0	0
272	0	0	0	0	0	0
273	0	0	0	0	0	0
274	0	0	0	0	0	0
275	0	0	0	0	0	0
276	0	0	0	0	0	0
277	0	0	0	0	0	0
278	0	0	0	1	0	0
279	0	0	0	0	0	0
280	0	0	0	0	0	0
281	0	0	0	0	0	0
282	0	0	0	0	0	0
283	0	0	0	0	0	0
284	0	0	0	0	0	0
285	0	0	0	0	0	0
286	0	0	0	0	0	0
287	0	0	0	0	0	0
288	0	0	0	0	0	0
289	0	0	0	0	0	0
290	0	0	0	0	0	0
291	0	0	0	0	0	0
292	0	0	0	0	0	0
293	0	0	0	0	0	0
294	0	0	0	0	0	0
295	0	0	0	0	0	0
296	0	0	0	0	0	0
297	0	0	0	0	0	0
298	0	0	0	0	0	0
299	0	0	0	0	0	0
300	0	0	0	0	0	0
301	0	0	0	0	0	0
302	0	0	0	0	0	0
303	0	0	0	0	0	0
304	0	0	0	0	0	0
305	0	0	0	0	0	0
306	0	0	0	0	0	0
307	0	0	0	0	0	0
308	0	0	0	0	0	0
309	0	0	0	0	0	0
310	0	0	0	0	0	0
311	0	0	0	0	0	0
312	0	0	0	0	0	0
313	0	0	0	0	0	0
314	0	0	0	0	0	0
315	0	0	0	0	0	0
316	0	0	0	0	0	0
317	0	0	0	0	0	0
318	0	0	0	0	0	0
319	0	0	0	0	0	0
320	0	0	0	0	0	0
321	0	0	0	0	0	0
322	0	0	0	0	0	0
323	0	0	0	0	0	0
324	0	0	0	0	0	0
325	0	0	0	0	0	0
326	0	0	0	0	0	0
327	0	0	0	0	0	0
328	0	0	0	0	0	0
329	0	0	0	0	0	0
330	0	0	0	0	0	0
331	0	0	0	0	0	0
332	0	0	0	0	0	0
333	0	0	0	0	0	0
334	0	0	0	0	0	0
335	0	0	0	0	0	0
336	0	0	0	0	0	0
337	0	0	0	0	0	0
338	0	0	0	0	0	0
339	0	0	0	0	0	0
340	0	0	0	0	0	0
341	0	0	0	0	0	0
342	0	0	0	0	0	0
343	0	0	0	0	0	0
344	0	0	0	0	0	0
345	0	0	0	0	0	0
346	0	0	0	0	0	0
347	0	0	0	0	0	0
348	0	0	0	0	0	0
349	0	0	0	0	0	0
350	0	0	0	0	0	0
351	0	0	0	0	0	0
352	0	0	0	0	0	0
353	0	0	0	0	0	0
354	0	0	0	0	0	0
355	0	0	0	0	0	0
356	0	0	0	0	0	0
357	0	0	0	0	0	0
358	0	0	0	0	0	0
359	0	0	0	0	0	0
360	0	0	0	0	0	0
361	0	0	0	0	0	0
362	0	0	0	0	0	0
363	0	0	0	0	0	0
364	0	0	0	0	0	0
365	0	0	0	0	0	0
366	0	0	0	0	0	0
367	0	0	0	0	0	0
368	0	0	0	0	0	0
369	0	0	0	0	0	0
370	0	0	0	0	0	0
371	0	0	0	0	0	0
372	0	0	0	0	0	0
373	0	0	0	0	0	0
374	0	0	0	0	0	0
375	0	0	0	0	0	0
376	0	0	0	0	0	0
377	0	0	0	0	0	0
378	0	0	0	0	0	0
379	0	0	0	0	0	0
380	0	0	0	0	0	0
381	0	0	0	0	0	0
382	0	0	0	0	0	0
383	0	0	0	0	0	0
384	0	0	0	0	0	0
385	0	0	0	0	0	0
386	0	0	0	0	0	0
387	0	0	0	0	0	0
388	0	0	0	0	0	0
389	0	0	0	0	0	0
390	0	0	0	0	0	0
391	0	0	0	0	0	0
392	0	0	0	0	0	0
393	0	0	0	0	0	0
394	0	0	0	0	0	0
395	0	0	0	0	0	0
396	0	0	0	0	0	0
397	0	0	0	0	0	0
398	0	0	0	0	0	0
399	0	0	0	0	0	0
400	0	0	0	0	0	0
401	0	0	0	0	0	0
402	0	0	0	0	0	0
403	0	0	0	0	0	0
404	0	0	0	0	0	0
405	0	0	0	0	0	0
406	0	0	0	0	0	0
407	0	0	0	0	0	0
408	0	0	0	0	0	0
409	0	0	0	0	0	0
410	0	0	0	0	0	0
411	0	0	0	0	0	0
412	0	0	0	0	0	0
413	0	0	0	0	0	0
414	0	0	0	0	0	0
415	0	0	0	0	0	0
416	0	0	0	0	0	0
417	0	0	0	0	0	0
418	0	0	0	0	0	0
419	0	0	0	0	0	0
420	0	0	0	0	0	0
421	0	0	0	0	0	0
422	0	0	0	0	0	0
423	0	0	0	0	0	0
424	0	0	0	0	0	0
425	0	0	0	0	0	0
426	0	0	0	0	0	0
427	0	0	0	0	0	0
428	0	0	0	0	0	0
429	0	0	0	0	0	0
