% valor	NoC_0	NoC_1	NoC_2	NoC_2zz	NoC_3	NoC_3c1
-188	0	0	0	8	0	0
-187	0	0	0	6	0	0
-186	0	0	0	8	0	0
-185	0	0	0	5	0	0
-184	0	0	0	2	0	0
-183	0	0	0	5	0	0
-182	0	0	0	4	0	0
-181	0	0	0	30	0	0
-180	0	0	0	9	0	0
-179	0	0	0	9	0	0
-178	0	0	0	3	0	0
-177	0	0	0	0	0	0
-176	0	0	0	0	0	0
-175	0	0	0	0	0	0
-174	0	0	0	0	0	0
-173	0	0	0	0	0	0
-172	0	0	0	21	0	0
-171	0	0	0	30	0	0
-170	0	0	0	40	0	0
-169	0	0	0	21	0	0
-168	0	0	0	9	0	0
-167	0	0	0	11	0	0
-166	0	0	0	0	0	0
-165	0	0	0	0	0	0
-164	0	0	0	4	0	0
-163	0	0	0	0	0	0
-162	0	0	0	1	0	0
-161	0	0	0	0	0	0
-160	0	0	0	1	0	0
-159	0	0	0	0	0	0
-158	0	0	0	16	0	0
-157	0	0	0	12	0	0
-156	0	0	0	12	0	0
-155	0	0	0	28	0	0
-154	0	0	0	12	0	0
-153	0	0	0	8	0	0
-152	0	0	0	2	0	0
-151	0	0	0	4	0	0
-150	0	0	0	0	0	0
-149	0	0	0	22	0	0
-148	0	0	0	7	0	0
-147	0	0	0	50	0	0
-146	0	0	0	22	0	0
-145	0	0	0	60	0	0
-144	0	0	0	12	0	0
-143	0	0	0	34	0	0
-142	0	0	0	15	0	0
-141	0	0	0	48	0	0
-140	0	0	0	21	0	0
-139	0	0	0	36	0	0
-138	0	0	0	40	0	0
-137	0	0	0	12	0	0
-136	0	0	0	15	0	0
-135	0	0	0	26	0	0
-134	0	0	0	58	0	0
-133	0	0	0	44	0	0
-132	0	0	0	64	0	0
-131	0	0	0	28	0	0
-130	0	0	0	51	0	0
-129	0	0	0	17	0	0
-128	0	0	0	19	0	0
-127	0	0	0	78	0	0
-126	0	0	0	72	0	0
-125	0	0	0	39	0	0
-124	0	0	0	95	0	0
-123	0	0	0	58	0	0
-122	0	0	0	161	0	0
-121	0	0	0	67	0	0
-120	0	0	0	78	0	0
-119	0	0	0	31	0	0
-118	0	0	0	43	0	0
-117	0	0	0	27	0	0
-116	0	0	0	56	0	0
-115	0	0	0	43	0	0
-114	0	0	0	34	0	0
-113	0	0	1	14	0	0
-112	0	0	0	38	0	0
-111	0	0	0	67	0	0
-110	0	0	0	130	0	0
-109	0	0	0	119	0	0
-108	0	0	0	98	0	0
-107	0	0	0	84	0	0
-106	0	0	0	108	0	0
-105	0	0	0	122	0	0
-104	0	0	0	140	0	0
-103	0	0	0	90	0	0
-102	0	0	0	130	0	0
-101	0	0	0	162	0	0
-100	0	0	0	115	40	1
-99	0	1	2	88	23	0
-98	0	0	1	92	18	1
-97	0	1	5	74	25	0
-96	0	0	8	37	41	1
-95	0	1	6	75	58	2
-94	0	0	8	40	88	4
-93	0	0	8	81	102	1
-92	0	1	2	132	100	1
-91	0	1	5	152	107	1
-90	0	1	4	166	91	4
-89	0	0	2	146	122	3
-88	0	1	4	136	95	2
-87	0	0	12	149	101	3
-86	0	2	24	335	98	5
-85	0	1	13	244	89	3
-84	0	4	3	294	76	4
-83	0	1	3	209	90	5
-82	0	3	1	185	54	3
-81	0	0	3	203	69	6
-80	0	1	15	247	64	4
-79	0	2	20	216	55	3
-78	0	4	14	278	53	5
-77	0	3	9	176	64	9
-76	0	2	3	365	53	12
-75	0	7	7	326	65	9
-74	0	6	9	348	65	11
-73	0	3	5	372	69	11
-72	0	5	27	356	80	12
-71	0	11	26	264	87	20
-70	0	10	27	322	95	15
-69	0	7	35	275	93	20
-68	0	12	54	315	96	17
-67	0	11	58	271	111	24
-66	0	8	74	398	104	23
-65	0	7	70	335	134	29
-64	0	15	54	496	123	28
-63	0	13	96	479	143	39
-62	0	17	148	518	156	40
-61	0	18	163	503	158	46
-60	0	17	109	469	190	63
-59	0	33	63	498	171	55
-58	0	17	63	499	215	43
-57	0	25	84	544	273	63
-56	0	36	131	671	313	74
-55	0	42	175	658	325	70
-54	0	29	145	669	356	91
-53	0	43	197	611	433	85
-52	0	45	209	508	449	101
-51	0	56	199	461	586	116
-50	0	49	142	570	708	119
-49	0	60	116	548	806	137
-48	0	92	130	642	908	157
-47	0	90	194	685	970	179
-46	0	125	261	626	1111	208
-45	0	122	291	806	1252	206
-44	0	123	338	925	1385	211
-43	0	142	470	1067	1605	267
-42	0	151	497	1269	1784	283
-41	0	189	457	1857	1970	346
-40	0	197	513	1924	2410	374
-39	0	232	604	1712	2741	391
-38	0	283	719	1732	2959	460
-37	0	295	678	1633	3268	575
-36	0	324	705	1737	3765	583
-35	0	352	759	1558	4397	643
-34	0	409	860	1729	5241	699
-33	0	485	946	1577	5561	794
-32	0	547	1098	1950	5312	931
-31	0	579	1180	1699	5252	1095
-30	0	659	1238	1959	5295	1103
-29	0	725	1319	1655	5559	1241
-28	0	796	1415	1848	6119	1396
-27	0	938	1499	2086	6694	1642
-26	0	1053	1549	2326	7203	1965
-25	0	1270	1881	2364	8008	2164
-24	0	1360	2123	2515	8127	2449
-23	0	1592	2455	2383	8642	2859
-22	0	1920	3116	2611	9407	3382
-21	0	2496	3974	2505	10247	4116
-20	0	2754	4476	2546	11353	4679
-19	0	2922	4562	2627	12846	5026
-18	0	3038	4837	3507	14265	5367
-17	0	3385	5118	3613	15530	5882
-16	0	3869	5660	4084	16657	6722
-15	0	4271	6293	3744	17342	7500
-14	0	4928	7030	5006	19371	8844
-13	0	5605	7883	5335	21941	10171
-12	0	6287	8948	6888	25632	11560
-11	0	7214	9910	7521	30598	13162
-10	0	8319	11543	11343	38165	15429
-9	0	9765	13900	12682	50981	18616
-8	0	11295	17051	21164	71841	23068
-7	0	15715	23620	23343	101666	30921
-6	0	21899	35325	57406	141940	43890
-5	0	32905	60039	68465	196642	70898
-4	0	62011	120057	210483	271921	133310
-3	0	154881	277952	258130	387863	291087
-2	0	492203	680355	813429	592394	692305
-1	0	1627566	1543708	992253	1089443	1533422
0	1391718	3450494	2637065	2637065	1952420	2503649
1	1056917	1593562	1551729	1126761	1075214	1532878
2	822504	488198	686623	953714	565732	692550
3	740058	162077	283736	304070	361214	292171
4	661366	68930	125256	268584	253163	133690
5	588065	37856	64200	98203	183313	71065
6	536674	24192	38179	95602	135483	44020
7	491135	17327	25605	43178	102268	30616
8	433050	12899	18060	45550	78842	22843
9	356248	10445	14369	25082	63127	18424
10	275248	8729	11578	28080	51105	15390
11	206895	7482	9838	17350	41103	13290
12	154559	6159	8770	19249	32801	11513
13	118257	5477	8178	12691	25822	10116
14	90244	4703	6830	14346	21397	8737
15	66082	4066	5890	9773	18268	7816
16	47984	3553	5324	11250	15604	6722
17	36823	3252	4780	8445	13618	6030
18	29950	2754	4305	9382	12506	5405
19	24730	2569	4174	7130	11625	5104
20	20677	2498	4187	7875	11354	4666
21	19067	2155	4117	6054	11043	4195
22	18023	1769	3150	6759	9991	3376
23	16304	1426	2551	5425	9485	2825
24	14264	1236	2090	5822	8997	2355
25	12806	1122	1795	4764	8708	2136
26	12115	970	1613	5155	8031	1933
27	11938	859	1511	4211	7317	1659
28	11498	717	1383	4366	6891	1415
29	11015	683	1189	3650	6498	1245
30	10383	565	1082	3916	6422	1185
31	10062	553	1060	3294	6103	1042
32	9756	485	924	3427	6074	873
33	9827	397	743	2817	5831	796
34	9388	362	677	3039	4923	720
35	9058	356	670	2544	4334	647
36	8953	311	605	2779	3681	541
37	8456	282	563	2546	2997	537
38	8254	236	490	2434	2750	481
39	7896	227	413	2332	2334	378
40	6989	189	434	2394	2085	370
41	5942	151	355	2077	1864	302
42	5445	128	322	1909	1616	277
43	4682	134	336	1634	1499	254
44	4194	112	286	1623	1407	221
45	3545	115	313	1392	1233	199
46	2966	73	265	1371	1089	178
47	2638	79	208	1178	929	156
48	2385	81	168	1164	804	160
49	2128	56	187	1060	750	132
50	2000	49	137	1032	725	131
51	1844	68	197	920	605	117
52	1689	52	144	930	483	98
53	1625	46	152	806	473	80
54	1353	30	118	804	440	89
55	1234	31	98	693	453	87
56	1081	23	95	711	408	58
57	1036	31	88	622	351	67
58	983	27	99	609	329	70
59	924	42	79	558	255	51
60	838	22	64	552	247	55
61	771	19	55	513	219	46
62	673	20	67	528	205	41
63	656	17	53	477	146	28
64	591	10	84	485	137	32
65	525	14	48	401	103	28
66	505	12	27	367	97	15
67	425	6	34	373	113	28
68	351	6	31	355	93	22
69	306	5	45	307	91	23
70	231	4	42	331	66	14
71	229	3	35	270	91	19
72	210	6	30	309	57	15
73	162	2	42	232	51	7
74	177	1	61	254	57	11
75	128	3	68	244	53	14
76	113	1	36	240	47	6
77	125	4	25	199	44	9
78	117	1	38	186	46	6
79	93	1	10	166	42	5
80	86	2	4	159	46	5
81	90	1	4	179	32	6
82	73	5	11	141	57	9
83	82	2	1	134	54	5
84	67	2	10	137	42	1
85	56	0	28	119	53	3
86	68	1	21	123	31	4
87	78	2	19	99	34	5
88	72	0	11	115	34	1
89	64	0	3	99	26	2
90	43	3	8	106	34	4
91	52	0	30	89	27	4
92	56	1	9	76	24	3
93	68	3	1	89	29	2
94	62	1	1	74	15	2
95	48	0	2	70	12	3
96	50	0	0	67	17	0
97	48	0	0	42	15	0
98	38	0	0	55	23	1
99	65	0	0	55	26	0
100	1218	0	1	47	54	1
101	0	0	0	45	0	0
102	0	0	0	59	0	1
103	0	0	0	43	0	0
104	0	0	0	38	0	0
105	0	0	0	46	0	1
106	0	0	0	33	0	0
107	0	0	0	34	0	0
108	0	0	0	28	0	0
109	0	0	0	33	0	0
110	0	0	0	23	0	0
111	0	0	0	30	0	0
112	0	0	0	16	0	0
113	0	0	0	23	0	0
114	0	0	0	32	0	0
115	0	0	0	16	0	0
116	0	0	0	28	0	0
117	0	0	0	26	0	0
118	0	0	0	29	0	0
119	0	0	0	15	0	0
120	0	0	0	26	0	0
121	0	0	0	14	0	0
122	0	0	0	9	0	0
123	0	0	0	19	0	0
124	0	0	0	17	0	0
125	0	0	0	17	0	0
126	0	0	0	7	0	0
127	0	0	0	10	0	0
128	0	0	0	10	0	0
129	0	0	0	8	0	0
130	0	0	0	15	0	0
131	0	0	0	7	0	0
132	0	0	0	6	0	0
133	0	0	0	11	0	0
134	0	0	0	6	0	0
135	0	0	0	10	0	0
136	0	0	0	7	0	0
137	0	0	0	6	0	0
138	0	0	0	5	0	0
139	0	0	0	9	0	0
140	0	0	0	6	0	0
141	0	0	0	4	0	0
142	0	0	0	2	0	0
143	0	0	0	6	0	0
144	0	0	0	4	0	0
145	0	0	0	1	0	0
146	0	0	0	3	0	0
147	0	0	0	1	0	0
148	0	0	0	2	0	0
149	0	0	0	3	0	0
150	0	0	0	4	0	0
151	0	0	0	2	0	0
152	0	0	0	2	0	0
153	0	0	0	5	0	0
154	0	0	0	1	0	0
155	0	0	0	3	0	0
156	0	0	0	0	0	0
157	0	0	0	1	0	0
158	0	0	0	0	0	0
159	0	0	0	2	0	0
160	0	0	0	1	0	0
161	0	0	0	2	0	0
162	0	0	0	2	0	0
163	0	0	0	0	0	0
164	0	0	0	6	0	0
165	0	0	0	4	0	0
166	0	0	0	1	0	0
167	0	0	0	4	0	0
168	0	0	0	0	0	0
169	0	0	0	0	0	0
170	0	0	0	0	0	0
171	0	0	0	0	0	0
172	0	0	0	1	0	0
173	0	0	0	0	0	0
174	0	0	0	1	0	0
175	0	0	0	0	0	0
176	0	0	0	0	0	0
177	0	0	0	0	0	0
178	0	0	0	2	0	0
179	0	0	0	2	0	0
180	0	0	0	1	0	0
181	0	0	0	0	0	0
182	0	0	0	0	0	0
183	0	0	0	1	0	0
184	0	0	0	1	0	0
185	0	0	0	0	0	0
186	0	0	0	1	0	0
187	0	0	0	1	0	0
188	0	0	0	0	0	0
189	0	0	0	0	0	0
190	0	0	0	0	0	0
191	0	0	0	0	0	0
192	0	0	0	1	0	0
193	0	0	0	0	0	0
194	0	0	0	0	0	0
195	0	0	0	0	0	0
196	0	0	0	0	0	0
