% valor	NoC_0	NoC_1	NoC_2	NoC_2zz	NoC_3	NoC_3c1
-167	0	0	0	4	0	0
-166	0	0	0	5	0	0
-165	0	0	0	5	0	0
-164	0	0	0	6	0	0
-163	0	0	0	13	0	0
-162	0	0	0	2	0	0
-161	0	0	0	9	0	0
-160	0	0	0	5	0	0
-159	0	0	0	4	0	0
-158	0	0	0	6	0	0
-157	0	0	0	13	0	0
-156	0	0	0	5	0	0
-155	0	0	0	5	0	0
-154	0	0	0	8	0	0
-153	0	0	0	8	0	0
-152	0	0	0	11	0	0
-151	0	0	0	10	0	0
-150	0	0	0	18	0	0
-149	0	0	0	14	0	0
-148	0	0	0	12	0	0
-147	0	0	0	12	0	0
-146	0	0	0	20	0	0
-145	0	0	0	14	0	0
-144	0	0	0	12	0	0
-143	0	0	0	16	0	0
-142	0	0	0	22	0	0
-141	0	0	0	15	0	0
-140	0	0	0	25	0	0
-139	0	0	0	38	0	0
-138	0	0	0	32	0	0
-137	0	0	0	29	0	0
-136	0	0	0	35	0	0
-135	0	0	0	23	0	0
-134	0	0	0	38	0	0
-133	0	0	0	14	0	0
-132	0	0	0	42	0	0
-131	0	0	0	16	0	0
-130	0	0	0	43	0	0
-129	0	0	0	24	0	0
-128	0	0	0	49	0	0
-127	0	0	0	35	0	0
-126	0	0	0	49	0	0
-125	0	0	0	37	0	0
-124	0	0	0	55	0	0
-123	0	0	0	47	0	0
-122	0	0	0	47	0	0
-121	0	0	0	34	0	0
-120	0	0	0	35	0	0
-119	0	0	1	34	0	0
-118	0	0	0	41	0	0
-117	0	0	0	43	0	0
-116	0	0	0	45	0	0
-115	0	0	0	43	0	0
-114	0	0	0	33	0	0
-113	0	0	0	50	0	0
-112	0	0	0	38	0	0
-111	0	0	0	53	0	0
-110	0	0	0	45	0	0
-109	0	0	0	64	0	0
-108	0	0	0	54	0	0
-107	0	0	0	56	0	0
-106	0	0	2	84	0	0
-105	0	0	0	75	0	0
-104	0	0	0	90	0	1
-103	0	0	0	85	0	0
-102	0	0	1	111	0	0
-101	0	0	0	85	0	0
-100	0	0	0	128	36	1
-99	0	2	1	85	55	1
-98	0	1	0	118	93	0
-97	0	2	2	102	120	4
-96	0	0	1	122	159	2
-95	0	0	7	95	160	5
-94	0	2	3	125	150	6
-93	0	3	3	112	180	3
-92	0	4	5	144	171	1
-91	0	5	3	133	190	6
-90	0	2	5	135	194	5
-89	0	2	4	133	200	2
-88	0	1	6	137	217	4
-87	0	4	7	146	245	10
-86	0	3	10	154	248	13
-85	0	4	7	155	265	4
-84	0	5	16	186	299	6
-83	0	8	24	149	296	17
-82	0	5	17	193	327	15
-81	0	7	11	187	335	14
-80	0	4	17	207	321	19
-79	0	13	14	215	364	21
-78	0	12	26	264	336	22
-77	0	11	31	194	330	18
-76	0	9	29	285	383	17
-75	0	15	46	235	402	29
-74	0	14	28	338	479	31
-73	0	23	47	303	521	30
-72	0	21	43	366	509	31
-71	0	22	54	349	549	55
-70	0	24	62	393	560	42
-69	0	18	57	340	591	38
-68	0	35	76	426	680	41
-67	0	30	64	386	811	55
-66	0	23	75	478	774	62
-65	0	35	74	429	887	62
-64	0	35	74	530	1012	56
-63	0	49	86	542	1040	72
-62	0	33	76	676	1095	75
-61	0	34	87	643	1161	83
-60	0	40	92	803	1253	69
-59	0	38	91	758	1328	84
-58	0	45	98	952	1333	76
-57	0	60	119	801	1385	94
-56	0	65	135	1097	1591	108
-55	0	73	117	995	1641	114
-54	0	54	140	1152	1780	101
-53	0	66	171	971	1884	137
-52	0	65	167	1242	2037	148
-51	0	84	207	1062	2029	127
-50	0	83	213	1563	2211	134
-49	0	114	245	1367	2376	170
-48	0	106	246	1795	2441	160
-47	0	118	279	1377	2488	197
-46	0	128	285	2037	2678	196
-45	0	123	337	1615	2874	239
-44	0	127	338	2380	2998	258
-43	0	160	406	1720	3222	260
-42	0	133	442	2696	3448	288
-41	0	163	498	2042	3685	332
-40	0	205	578	3295	4021	391
-39	0	190	653	2414	4235	398
-38	0	185	710	3683	4702	520
-37	0	222	828	2698	5144	527
-36	0	272	870	4473	5643	609
-35	0	298	1028	3146	6087	682
-34	0	308	1075	5250	6726	794
-33	0	388	1289	3813	7600	887
-32	0	428	1472	6295	8377	1102
-31	0	496	1679	4619	9252	1252
-30	0	533	1925	7768	10263	1547
-29	0	568	2199	5831	11382	1818
-28	0	745	2549	9911	12690	2201
-27	0	861	2900	7162	14123	2594
-26	0	1080	3525	12351	15693	3024
-25	0	1359	3913	9364	17870	3736
-24	0	1546	4618	15779	19917	4461
-23	0	1926	5636	11720	22526	5314
-22	0	2464	6912	20911	25271	6755
-21	0	3312	8259	15812	29229	8197
-20	0	4014	10169	27260	32946	9979
-19	0	5232	12188	20176	37464	12125
-18	0	6794	15129	35571	42866	15124
-17	0	8956	18393	26968	49114	18675
-16	0	11833	23172	47491	56756	23332
-15	0	15736	28916	35522	64469	29494
-14	0	21171	36573	62330	74804	36321
-13	0	28330	45706	47331	85863	46255
-12	0	38499	58357	83319	99513	59539
-11	0	51690	72803	64210	114496	74846
-10	0	69591	92148	110752	132654	94913
-9	0	94507	116826	87547	152250	120036
-8	0	126848	147605	151217	175413	152493
-7	0	170552	186219	122275	202383	192701
-6	0	226242	236333	209821	234168	242866
-5	0	300791	300078	175444	274124	308952
-4	0	399205	384872	297538	323763	395011
-3	0	530007	496687	258816	382899	504134
-2	0	707736	640803	432526	449399	637504
-1	0	911527	795130	397724	519217	764505
0	157302	1124722	953285	953285	602071	861000
1	130369	872335	787929	641450	529938	762727
2	195052	659068	630121	691360	459078	636424
3	213322	485978	483215	447104	395617	501821
4	224914	364290	370345	494880	339573	392448
5	217353	277256	289151	303695	292440	307402
6	203476	210241	227410	347624	252883	243512
7	186834	159663	179555	209493	221451	191706
8	154603	120111	141592	247708	192666	152359
9	147029	90502	111782	147149	168624	119935
10	138947	68852	89103	178721	147000	95174
11	123338	51957	71180	104572	126987	74905
12	118283	40067	56775	128822	108871	58883
13	115289	30573	45284	74628	93273	47192
14	114781	23738	36421	93261	81256	37074
15	112690	18280	28927	53311	69395	29322
16	108491	14508	23598	66993	60230	23356
17	106259	11569	19259	37707	51975	18853
18	106929	9290	15750	48780	44788	15173
19	105382	7577	12958	27379	38899	12077
20	104747	6270	10646	36204	34381	9916
21	103784	5106	9130	19909	30061	8229
22	101478	4222	7835	26446	26497	6699
23	101865	3699	6632	14560	23478	5428
24	100405	3141	5504	20252	21003	4488
25	102599	2714	5018	10787	18902	3633
26	99117	2314	4258	15188	16532	3027
27	99278	2096	3723	8213	14554	2603
28	99757	1862	3275	11543	13319	2148
29	101658	1611	2878	6177	11833	1850
30	98454	1432	2647	8856	11044	1570
31	95823	1245	2279	4943	9724	1342
32	95313	1053	2016	7038	8700	1100
33	96011	851	1740	3655	8055	965
34	92523	730	1608	5495	7011	829
35	90782	597	1400	2948	6543	719
36	89910	505	1288	4351	6001	637
37	90065	388	1160	2380	5300	514
38	87433	351	941	3392	5178	498
39	86389	275	846	2005	4589	414
40	86756	218	810	2803	4215	351
41	85977	189	661	1593	3934	334
42	85069	180	558	2362	3546	328
43	84876	168	548	1324	3251	261
44	84187	136	446	1880	3110	275
45	81388	126	366	1038	2997	220
46	81391	99	373	1612	2756	225
47	81841	119	282	923	2562	196
48	81010	113	268	1279	2392	192
49	79664	81	276	746	2255	181
50	78534	73	240	1094	2108	138
51	78243	84	211	674	1974	155
52	76522	79	210	904	1843	129
53	74931	46	211	554	1706	115
54	73801	81	160	730	1659	124
55	72023	68	170	483	1552	108
56	72092	54	138	643	1475	127
57	70889	49	116	414	1407	104
58	69481	38	144	529	1339	80
59	68708	44	120	325	1209	84
60	69274	44	97	485	1143	98
61	68991	44	103	313	1073	80
62	69210	32	97	370	1002	66
63	69075	39	89	253	908	63
64	70049	31	91	375	944	73
65	69441	29	74	225	855	64
66	68996	31	87	275	818	55
67	69276	30	76	189	791	49
68	69386	26	71	244	703	47
69	68136	22	60	180	709	39
70	67418	38	70	226	662	39
71	66164	17	42	147	650	40
72	65329	18	40	191	640	29
73	63873	17	36	146	574	41
74	62471	9	23	195	547	32
75	61332	16	25	127	542	29
76	59445	10	18	142	507	28
77	57348	11	18	113	445	30
78	55403	11	23	134	419	14
79	53884	8	18	123	422	17
80	51473	8	19	114	376	14
81	49921	8	13	101	394	15
82	47667	9	10	121	352	20
83	45377	6	21	86	326	14
84	43468	5	15	95	303	11
85	41368	4	13	77	291	9
86	39952	6	15	83	229	4
87	37507	4	14	68	229	7
88	35349	2	9	86	236	9
89	33744	1	6	84	236	5
90	31370	3	5	79	202	6
91	28872	3	4	67	178	6
92	26720	1	4	63	191	4
93	23960	0	2	61	155	2
94	21695	0	0	49	137	3
95	19288	1	0	56	131	0
96	17174	0	3	70	132	1
97	15192	0	0	51	122	3
98	13178	0	1	52	155	3
99	10694	0	0	73	112	1
100	8753	0	0	45	50	1
101	0	0	0	50	0	1
102	0	0	0	50	0	1
103	0	0	0	39	0	1
104	0	0	1	42	0	1
105	0	0	0	40	0	0
106	0	0	1	47	0	0
107	0	0	0	42	0	0
108	0	0	0	35	0	1
109	0	0	0	38	0	0
110	0	0	0	50	0	0
111	0	0	1	34	0	0
112	0	0	0	32	0	0
113	0	0	0	32	0	0
114	0	0	0	30	0	0
115	0	0	0	31	0	0
116	0	0	0	35	0	0
117	0	0	0	31	0	0
118	0	0	0	36	0	0
119	0	0	0	28	0	0
120	0	0	0	33	0	0
121	0	0	0	23	0	0
122	0	0	0	34	0	0
123	0	0	0	26	0	0
124	0	0	0	23	0	0
125	0	0	0	20	0	0
126	0	0	0	37	0	0
127	0	0	0	17	0	0
128	0	0	0	20	0	0
129	0	0	0	22	0	0
130	0	0	0	16	0	0
131	0	0	0	13	0	0
132	0	0	0	31	0	0
133	0	0	0	19	0	0
134	0	0	0	16	0	0
135	0	0	0	13	0	0
136	0	0	0	24	0	0
137	0	0	0	19	0	0
138	0	0	0	19	0	0
139	0	0	0	11	0	0
140	0	0	0	24	0	0
141	0	0	0	13	0	0
142	0	0	0	12	0	0
143	0	0	0	8	0	0
144	0	0	0	12	0	0
145	0	0	0	8	0	0
146	0	0	0	6	0	0
147	0	0	0	7	0	0
148	0	0	0	6	0	0
149	0	0	0	7	0	0
150	0	0	0	10	0	0
151	0	0	0	1	0	0
152	0	0	0	8	0	0
153	0	0	0	5	0	0
154	0	0	0	11	0	0
155	0	0	0	7	0	0
156	0	0	0	8	0	0
157	0	0	0	4	0	0
158	0	0	0	4	0	0
159	0	0	0	2	0	0
160	0	0	0	7	0	0
161	0	0	0	7	0	0
162	0	0	0	4	0	0
163	0	0	0	2	0	0
164	0	0	0	2	0	0
165	0	0	0	3	0	0
166	0	0	0	4	0	0
167	0	0	0	2	0	0
168	0	0	0	4	0	0
169	0	0	0	1	0	0
170	0	0	0	2	0	0
171	0	0	0	2	0	0
172	0	0	0	2	0	0
173	0	0	0	1	0	0
174	0	0	0	1	0	0
175	0	0	0	0	0	0
176	0	0	0	0	0	0
177	0	0	0	2	0	0
178	0	0	0	4	0	0
179	0	0	0	2	0	0
180	0	0	0	2	0	0
181	0	0	0	3	0	0
182	0	0	0	2	0	0
183	0	0	0	3	0	0
184	0	0	0	0	0	0
185	0	0	0	0	0	0
186	0	0	0	0	0	0
187	0	0	0	0	0	0
188	0	0	0	2	0	0
189	0	0	0	0	0	0
190	0	0	0	0	0	0
191	0	0	0	0	0	0
192	0	0	0	0	0	0
