240
3819 6666 3799 3490 6642 6685 6725 6654 6715 6641 3491 6650 10265 6683 3532 6782 6775 6779 6758 3823 6789 3521 6679 3837 6738 6726 6689 10175 6644 6723 6737 6649 6746 3488 6743 6648 6655 6734 6729 3816 6680 6749 6672 6651 6647 6753 6720 3492 6717 6732 6713 6793 6780 6735 10207 6739 6691 6778 10198 6695 6693 3800 6686 6938 6770 6794 6682 6765 3597 6766 3836 6949 6937 6822 3822 6750 3536 6670 3705 6798 6769 3558 6942 6687 10180 10208 6722 10204 6932 10179 10203 6823 6697 6772 6933 6744 6684 6807 3493 3533 6763 6667 6645 3801 7130 6952 6943 6755 10177 3560 10210 3599 10268 3531 6640 6768 3839 7127 3704 6783 6771 6700 6805 6688 6714 6804 6694 6699 6674 3828 6801 3495 6730 6719 6761 6934 3598 6813 3494 10172 6791 6748 3611 10205 6731 3763 6736 6677 6706 10211 3761 10266 6816 6781 6790 6698 3538 6802 6745 6785 3539 6815 3600 10194 6800 3817 6797 6760 6754 6796 3706 6759 6757 6741 3797 3559 6671 6740 10661 6669 6935 10199 6643 3826 6936 3821 6668 3489 7015 6673 3838 6681 7129 10178 10267 10662 10176 6661 6777 6806 6799 7014 6950 6742 7131 6817 6819 6951 6652 10200 6716 6948 6678 3703 6784 3762 10201 7126 3561 6939 6944 3496 7125 7128 6764 7012 6762 6653 10660 6792 7013 6712 10659 6774 6707 6941 6808 7124 3827 6795 
3819 1 3492
6666 1 3819
3799 1 6666
3490 1 3799
6642 1 3490
6685 1 6642
6725 1 6685
6654 1 6725
6715 1 6654
6641 1 6715
3491 1 6641
6650 1 3491
10265 1 6650
6683 1 10265
3532 1 6683
6782 1 3532
6775 1 6782
6779 1 6775
6758 1 6779
3823 1 6758
6789 1 3823
3521 1 6789
6679 1 3521
3837 1 6679
6738 1 3837
6726 1 6738
6689 1 6726
10175 1 6689
6644 1 10175
6723 1 6644
6737 1 6723
6649 1 6737
6746 1 6649
3488 1 6746
6743 1 3488
6648 1 6743
6655 1 6648
6734 1 6655
6729 1 6734
3816 1 6729
6680 1 3816
6749 1 6680
6672 1 6749
6651 1 6672
6647 1 6651
6753 1 6647
6720 1 6753
3492 1 6720
6717 1 6744
6732 1 6717
6713 1 6732
6793 1 6713
6780 1 6793
6735 1 6780
10207 1 6735
6739 1 10207
6691 1 6739
6778 1 6691
10198 1 6778
6695 1 10198
6693 1 6695
3800 1 6693
6686 1 3800
6938 1 6686
6770 1 6938
6794 1 6770
6682 1 6794
6765 1 6682
3597 1 6765
6766 1 3597
3836 1 6766
6949 1 3836
6937 1 6949
6822 1 6937
3822 1 6822
6750 1 3822
3536 1 6750
6670 1 3536
3705 1 6670
6798 1 3705
6769 1 6798
3558 1 6769
6942 1 3558
6687 1 6942
10180 1 6687
10208 1 10180
6722 1 10208
10204 1 6722
6932 1 10204
10179 1 6932
10203 1 10179
6823 1 10203
6697 1 6823
6772 1 6697
6933 1 6772
6744 1 6933
6684 1 10205
6807 1 6684
3493 1 6807
3533 1 3493
6763 1 3533
6667 1 6763
6645 1 6667
3801 1 6645
7130 1 3801
6952 1 7130
6943 1 6952
6755 1 6943
10177 1 6755
3560 1 10177
10210 1 3560
3599 1 10210
10268 1 3599
3531 1 10268
6640 1 3531
6768 1 6640
3839 1 6768
7127 1 3839
3704 1 7127
6783 1 3704
6771 1 6783
6700 1 6771
6805 1 6700
6688 1 6805
6714 1 6688
6804 1 6714
6694 1 6804
6699 1 6694
6674 1 6699
3828 1 6674
6801 1 3828
3495 1 6801
6730 1 3495
6719 1 6730
6761 1 6719
6934 1 6761
3598 1 6934
6813 1 3598
3494 1 6813
10172 1 3494
6791 1 10172
6748 1 6791
3611 1 6748
10205 1 3611
6731 1 6681
3763 1 6731
6736 1 3763
6677 1 6736
6706 1 6677
10211 1 6706
3761 1 10211
10266 1 3761
6816 1 10266
6781 1 6816
6790 1 6781
6698 1 6790
3538 1 6698
6802 1 3538
6745 1 6802
6785 1 6745
3539 1 6785
6815 1 3539
3600 1 6815
10194 1 3600
6800 1 10194
3817 1 6800
6797 1 3817
6760 1 6797
6754 1 6760
6796 1 6754
3706 1 6796
6759 1 3706
6757 1 6759
6741 1 6757
3797 1 6741
3559 1 3797
6671 1 3559
6740 1 6671
10661 1 6740
6669 1 10661
6935 1 6669
10199 1 6935
6643 1 10199
3826 1 6643
6936 1 3826
3821 1 6936
6668 1 3821
3489 1 6668
7015 1 3489
6673 1 7015
3838 1 6673
6681 1 3838
7129 1 6795
10178 1 7129
10267 1 10178
10662 1 10267
10176 1 10662
6661 1 10176
6777 1 6661
6806 1 6777
6799 1 6806
7014 1 6799
6950 1 7014
6742 1 6950
7131 1 6742
6817 1 7131
6819 1 6817
6951 1 6819
6652 1 6951
10200 1 6652
6716 1 10200
6948 1 6716
6678 1 6948
3703 1 6678
6784 1 3703
3762 1 6784
10201 1 3762
7126 1 10201
3561 1 7126
6939 1 3561
6944 1 6939
3496 1 6944
7125 1 3496
7128 1 7125
6764 1 7128
7012 1 6764
6762 1 7012
6653 1 6762
10660 1 6653
6792 1 10660
7013 1 6792
6712 1 7013
10659 1 6712
6774 1 10659
6707 1 6774
6941 1 6707
6808 1 6941
7124 1 6808
3827 1 7124
6795 1 3827
