241
6819 6693 10176 6741 6661 10267 3838 6669 6685 6686 6732 3536 10178 7013 6666 6668 6682 6683 3488 3703 3799 7130 6942 6815 6644 3531 6734 6779 3489 6687 6794 6932 6780 3800 10179 3493 6822 3532 6725 6950 3521 6730 3839 6823 6777 3611 6645 6763 3797 6765 6681 6670 3704 3492 10203 3821 6691 6729 6934 6775 6949 3837 10207 6713 6799 6785 7129 6647 3491 6937 6938 6936 3761 6793 3490 10662 3822 6678 7015 10661 6689 6680 10198 6754 3560 6726 6688 6933 6742 6695 10208 6813 6805 10210 10194 6697 3836 3558 6817 10204 3559 6640 10205 6798 3816 6816 6722 6650 6771 6753 3597 3599 6952 6770 6783 3763 7014 3801 3538 3494 7126 6781 7125 6684 6653 10266 7128 10199 10180 6762 6748 6720 6935 6699 6737 6758 3706 6671 6649 6795 3817 10660 10211 6677 6764 6717 6706 6694 10201 6652 6672 6673 6774 3561 6951 6800 6769 6790 6731 6755 6761 6743 6698 3600 6643 6712 3819 6801 6789 3539 3598 6784 6715 6667 6796 3827 6719 3762 10200 6700 6642 6782 10659 6641 6804 6651 3823 6654 6759 6802 6674 6778 7124 6707 6808 6746 6943 6939 6749 6736 6648 6944 3705 6738 10175 6702 6723 6791 6807 6714 6768 6735 6750 6679 10177 3495 6716 6744 6760 3496 6766 7131 6797 6941 10265 6740 6948 6806 6739 10172 6655 6757 6772 6745 3533 7127 3826 10268 6792 3828 
6819 1 6763
6693 1 6819
10176 1 6693
6741 1 10176
6661 1 6741
10267 1 6661
3838 1 10267
6669 1 3838
6685 1 6669
6686 1 6685
6732 1 6686
3536 1 6732
10178 1 3536
7013 1 10178
6666 1 7013
6668 1 6666
6682 1 6668
6683 1 6682
3488 1 6683
3703 1 3488
3799 1 3703
7130 1 3799
6942 1 7130
6815 1 6942
6644 1 6815
3531 1 6644
6734 1 3531
6779 1 6734
3489 1 6779
6687 1 3489
6794 1 6687
6932 1 6794
6780 1 6932
3800 1 6780
10179 1 3800
3493 1 10179
6822 1 3493
3532 1 6822
6725 1 3532
6950 1 6725
3521 1 6950
6730 1 3521
3839 1 6730
6823 1 3839
6777 1 6823
3611 1 6777
6645 1 3611
6763 1 6645
3797 1 6697
6765 1 3797
6681 1 6765
6670 1 6681
3704 1 6670
3492 1 3704
10203 1 3492
3821 1 10203
6691 1 3821
6729 1 6691
6934 1 6729
6775 1 6934
6949 1 6775
3837 1 6949
10207 1 3837
6713 1 10207
6799 1 6713
6785 1 6799
7129 1 6785
6647 1 7129
3491 1 6647
6937 1 3491
6938 1 6937
6936 1 6938
3761 1 6936
6793 1 3761
3490 1 6793
10662 1 3490
3822 1 10662
6678 1 3822
7015 1 6678
10661 1 7015
6689 1 10661
6680 1 6689
10198 1 6680
6754 1 10198
3560 1 6754
6726 1 3560
6688 1 6726
6933 1 6688
6742 1 6933
6695 1 6742
10208 1 6695
6813 1 10208
6805 1 6813
10210 1 6805
10194 1 10210
6697 1 10194
3836 1 6677
3558 1 3836
6817 1 3558
10204 1 6817
3559 1 10204
6640 1 3559
10205 1 6640
6798 1 10205
3816 1 6798
6816 1 3816
6722 1 6816
6650 1 6722
6771 1 6650
6753 1 6771
3597 1 6753
3599 1 3597
6952 1 3599
6770 1 6952
6783 1 6770
3763 1 6783
7014 1 3763
3801 1 7014
3538 1 3801
3494 1 3538
7126 1 3494
6781 1 7126
7125 1 6781
6684 1 7125
6653 1 6684
10266 1 6653
7128 1 10266
10199 1 7128
10180 1 10199
6762 1 10180
6748 1 6762
6720 1 6748
6935 1 6720
6699 1 6935
6737 1 6699
6758 1 6737
3706 1 6758
6671 1 3706
6649 1 6671
6795 1 6649
3817 1 6795
10660 1 3817
10211 1 10660
6677 1 10211
6764 1 6778
6717 1 6764
6706 1 6717
6694 1 6706
10201 1 6694
6652 1 10201
6672 1 6652
6673 1 6672
6774 1 6673
3561 1 6774
6951 1 3561
6800 1 6951
6769 1 6800
6790 1 6769
6731 1 6790
6755 1 6731
6761 1 6755
6743 1 6761
6698 1 6743
3600 1 6698
6643 1 3600
6712 1 6643
3819 1 6712
6801 1 3819
6789 1 6801
3539 1 6789
3598 1 3539
6784 1 3598
6715 1 6784
6667 1 6715
6796 1 6667
3827 1 6796
6719 1 3827
3762 1 6719
10200 1 3762
6700 1 10200
6642 1 6700
6782 1 6642
10659 1 6782
6641 1 10659
6804 1 6641
6651 1 6804
3823 1 6651
6654 1 3823
6759 1 6654
6802 1 6759
6674 1 6802
6778 1 6674
7124 1 3828
6707 1 7124
6808 1 6707
6746 1 6808
6943 1 6746
6939 1 6943
6749 1 6939
6736 1 6749
6648 1 6736
6944 1 6648
3705 1 6944
6738 1 3705
10175 1 6738
6702 1 10175
6723 1 6702
6791 1 6723
6807 1 6791
6714 1 6807
6768 1 6714
6735 1 6768
6750 1 6735
6679 1 6750
10177 1 6679
3495 1 10177
6716 1 3495
6744 1 6716
6760 1 6744
3496 1 6760
6766 1 3496
7131 1 6766
6797 1 7131
6941 1 6797
10265 1 6941
6740 1 10265
6948 1 6740
6806 1 6948
6739 1 6806
10172 1 6739
6655 1 10172
6757 1 6655
6772 1 6757
6745 1 6772
3533 1 6745
7127 1 3533
3826 1 7127
10268 1 3826
6792 1 10268
3828 1 6792
