241
6702 6795 3827 3762 6707 10659 6712 7124 10200 6808 3600 6941 3598 6951 7013 6653 6673 10660 6698 6700 6764 7128 6802 6643 6762 3763 10211 7125 6671 3704 6754 3561 10194 6699 6774 3496 6800 3495 6785 6944 6804 3494 3703 10266 6667 6771 6816 6678 6798 6694 6781 3538 6784 3599 6769 3597 10201 3761 6770 6796 3560 6938 10205 3801 6652 6742 7131 7014 6792 6799 6936 6950 6777 7127 6934 10662 10178 6813 7129 10267 6661 10176 10204 6681 3558 6806 3706 6780 3489 10210 3836 6819 3821 6937 3838 6716 6782 6765 7012 6668 7126 10199 7015 6805 3559 6791 6669 3531 6817 6801 10661 6794 6768 6693 3839 6695 6952 10208 6741 6722 6779 6939 6935 6943 6790 6713 6760 6783 6815 6691 6793 6948 6697 6823 6949 3493 6763 6757 6797 3539 6759 6740 6761 6942 10203 6766 6737 6714 6932 6807 6745 6731 6651 3797 3533 3826 6775 6677 10180 6772 6933 3837 3822 6649 3705 10198 10207 6647 6685 6730 6746 3536 6734 6748 6706 6789 6753 3817 6732 6743 6666 6689 6655 6822 3611 6670 6645 6744 6729 10177 3521 6688 10268 6719 6672 10175 3532 10265 6736 6684 6720 6723 6725 10172 6648 7130 3828 6778 6650 6654 3488 3491 6749 10179 6642 6687 6686 6726 6679 6641 6644 3816 6735 6640 6715 3800 3823 6717 6682 6750 3819 6739 3799 3492 6674 6683 6738 3490 6680 6758 
6702 1 6678
6795 1 6702
3827 1 6795
3762 1 3827
6707 1 3762
10659 1 6707
6712 1 10659
7124 1 6712
10200 1 7124
6808 1 10200
3600 1 6808
6941 1 3600
3598 1 6941
6951 1 3598
7013 1 6951
6653 1 7013
6673 1 6653
10660 1 6673
6698 1 10660
6700 1 6698
6764 1 6700
7128 1 6764
6802 1 7128
6643 1 6802
6762 1 6643
3763 1 6762
10211 1 3763
7125 1 10211
6671 1 7125
3704 1 6671
6754 1 3704
3561 1 6754
10194 1 3561
6699 1 10194
6774 1 6699
3496 1 6774
6800 1 3496
3495 1 6800
6785 1 3495
6944 1 6785
6804 1 6944
3494 1 6804
3703 1 3494
10266 1 3703
6667 1 10266
6771 1 6667
6816 1 6771
6678 1 6816
6798 1 6716
6694 1 6798
6781 1 6694
3538 1 6781
6784 1 3538
3599 1 6784
6769 1 3599
3597 1 6769
10201 1 3597
3761 1 10201
6770 1 3761
6796 1 6770
3560 1 6796
6938 1 3560
10205 1 6938
3801 1 10205
6652 1 3801
6742 1 6652
7131 1 6742
7014 1 7131
6792 1 7014
6799 1 6792
6936 1 6799
6950 1 6936
6777 1 6950
7127 1 6777
6934 1 7127
10662 1 6934
10178 1 10662
6813 1 10178
7129 1 6813
10267 1 7129
6661 1 10267
10176 1 6661
10204 1 10176
6681 1 10204
3558 1 6681
6806 1 3558
3706 1 6806
6780 1 3706
3489 1 6780
10210 1 3489
3836 1 10210
6819 1 3836
3821 1 6819
6937 1 3821
3838 1 6937
6716 1 3838
6782 1 6942
6765 1 6782
7012 1 6765
6668 1 7012
7126 1 6668
10199 1 7126
7015 1 10199
6805 1 7015
3559 1 6805
6791 1 3559
6669 1 6791
3531 1 6669
6817 1 3531
6801 1 6817
10661 1 6801
6794 1 10661
6768 1 6794
6693 1 6768
3839 1 6693
6695 1 3839
6952 1 6695
10208 1 6952
6741 1 10208
6722 1 6741
6779 1 6722
6939 1 6779
6935 1 6939
6943 1 6935
6790 1 6943
6713 1 6790
6760 1 6713
6783 1 6760
6815 1 6783
6691 1 6815
6793 1 6691
6948 1 6793
6697 1 6948
6823 1 6697
6949 1 6823
3493 1 6949
6763 1 3493
6757 1 6763
6797 1 6757
3539 1 6797
6759 1 3539
6740 1 6759
6761 1 6740
6942 1 6761
10203 1 6688
6766 1 10203
6737 1 6766
6714 1 6737
6932 1 6714
6807 1 6932
6745 1 6807
6731 1 6745
6651 1 6731
3797 1 6651
3533 1 3797
3826 1 3533
6775 1 3826
6677 1 6775
10180 1 6677
6772 1 10180
6933 1 6772
3837 1 6933
3822 1 3837
6649 1 3822
3705 1 6649
10198 1 3705
10207 1 10198
6647 1 10207
6685 1 6647
6730 1 6685
6746 1 6730
3536 1 6746
6734 1 3536
6748 1 6734
6706 1 6748
6789 1 6706
6753 1 6789
3817 1 6753
6732 1 3817
6743 1 6732
6666 1 6743
6689 1 6666
6655 1 6689
6822 1 6655
3611 1 6822
6670 1 3611
6645 1 6670
6744 1 6645
6729 1 6744
10177 1 6729
3521 1 10177
6688 1 3521
10268 1 6758
6719 1 10268
6672 1 6719
10175 1 6672
3532 1 10175
10265 1 3532
6736 1 10265
6684 1 6736
6720 1 6684
6723 1 6720
6725 1 6723
10172 1 6725
6648 1 10172
7130 1 6648
3828 1 7130
6778 1 3828
6650 1 6778
6654 1 6650
3488 1 6654
3491 1 3488
6749 1 3491
10179 1 6749
6642 1 10179
6687 1 6642
6686 1 6687
6726 1 6686
6679 1 6726
6641 1 6679
6644 1 6641
3816 1 6644
6735 1 3816
6640 1 6735
6715 1 6640
3800 1 6715
3823 1 3800
6717 1 3823
6682 1 6717
6750 1 6682
3819 1 6750
6739 1 3819
3799 1 6739
3492 1 3799
6674 1 3492
6683 1 6674
6738 1 6683
3490 1 6738
6680 1 3490
6758 1 6680
