232
10204 6713 3521 10205 6782 6666 6695 3491 6790 6798 6644 6932 6775 3558 6700 6645 6699 6682 3839 6722 10198 6770 3801 6734 3836 6691 3488 6765 6694 6642 6725 6952 6769 6804 6684 3495 3597 6791 3799 6723 3599 6686 6949 6730 6783 6779 6683 6685 6729 6693 10210 6737 6647 6649 6715 3560 6805 6648 10207 3531 6763 6697 6641 6768 3800 3837 6672 6801 6720 6717 6650 6726 3823 6651 3822 10179 3561 3598 6766 6760 6746 6753 3493 3492 6933 3600 6743 6673 6654 6789 10194 6680 6793 6687 6761 6688 6943 6698 6744 3816 3536 6942 10266 6670 3761 6719 6823 6813 6749 6731 10175 6735 6738 6777 6758 6655 3533 10203 7131 6677 6938 6802 6755 6750 3489 6643 6759 6781 6739 3821 6816 6764 10662 10177 3532 10180 10178 3826 6937 6714 6745 6736 3819 6800 3797 3490 10265 6653 6674 6794 6652 6748 6950 6640 6934 6757 6822 6754 3706 6681 3763 7129 3538 3762 6780 6799 6778 10201 6815 6762 10200 6796 6817 7128 6678 7126 6669 10172 6797 10199 6741 6706 3611 10661 10208 6935 6667 6716 3559 6951 6806 7014 7125 3494 6807 6740 7130 7127 6772 10659 10267 7013 3817 6948 6712 6944 7015 6792 10268 6936 3704 6771 6784 3496 3703 6742 6774 3828 10660 10176 6785 6668 3838 6661 3539 3705 10211 3827 6939 6808 
10204 1 6779
6713 1 10204
3521 1 6713
10205 1 3521
6782 1 10205
6666 1 6782
6695 1 6666
3491 1 6695
6790 1 3491
6798 1 6790
6644 1 6798
6932 1 6644
6775 1 6932
3558 1 6775
6700 1 3558
6645 1 6700
6699 1 6645
6682 1 6699
3839 1 6682
6722 1 3839
10198 1 6722
6770 1 10198
3801 1 6770
6734 1 3801
3836 1 6734
6691 1 3836
3488 1 6691
6765 1 3488
6694 1 6765
6642 1 6694
6725 1 6642
6952 1 6725
6769 1 6952
6804 1 6769
6684 1 6804
3495 1 6684
3597 1 3495
6791 1 3597
3799 1 6791
6723 1 3799
3599 1 6723
6686 1 3599
6949 1 6686
6730 1 6949
6783 1 6730
6779 1 6783
6683 1 6680
6685 1 6683
6729 1 6685
6693 1 6729
10210 1 6693
6737 1 10210
6647 1 6737
6649 1 6647
6715 1 6649
3560 1 6715
6805 1 3560
6648 1 6805
10207 1 6648
3531 1 10207
6763 1 3531
6697 1 6763
6641 1 6697
6768 1 6641
3800 1 6768
3837 1 3800
6672 1 3837
6801 1 6672
6720 1 6801
6717 1 6720
6650 1 6717
6726 1 6650
3823 1 6726
6651 1 3823
3822 1 6651
10179 1 3822
3561 1 10179
3598 1 3561
6766 1 3598
6760 1 6766
6746 1 6760
6753 1 6746
3493 1 6753
3492 1 3493
6933 1 3492
3600 1 6933
6743 1 3600
6673 1 6743
6654 1 6673
6789 1 6654
10194 1 6789
6680 1 10194
6793 1 3826
6687 1 6793
6761 1 6687
6688 1 6761
6943 1 6688
6698 1 6943
6744 1 6698
3816 1 6744
3536 1 3816
6942 1 3536
10266 1 6942
6670 1 10266
3761 1 6670
6719 1 3761
6823 1 6719
6813 1 6823
6749 1 6813
6731 1 6749
10175 1 6731
6735 1 10175
6738 1 6735
6777 1 6738
6758 1 6777
6655 1 6758
3533 1 6655
10203 1 3533
7131 1 10203
6677 1 7131
6938 1 6677
6802 1 6938
6755 1 6802
6750 1 6755
3489 1 6750
6643 1 3489
6759 1 6643
6781 1 6759
6739 1 6781
3821 1 6739
6816 1 3821
6764 1 6816
10662 1 6764
10177 1 10662
3532 1 10177
10180 1 3532
10178 1 10180
3826 1 10178
6937 1 10661
6714 1 6937
6745 1 6714
6736 1 6745
3819 1 6736
6800 1 3819
3797 1 6800
3490 1 3797
10265 1 3490
6653 1 10265
6674 1 6653
6794 1 6674
6652 1 6794
6748 1 6652
6950 1 6748
6640 1 6950
6934 1 6640
6757 1 6934
6822 1 6757
6754 1 6822
3706 1 6754
6681 1 3706
3763 1 6681
7129 1 3763
3538 1 7129
3762 1 3538
6780 1 3762
6799 1 6780
6778 1 6799
10201 1 6778
6815 1 10201
6762 1 6815
10200 1 6762
6796 1 10200
6817 1 6796
7128 1 6817
6678 1 7128
7126 1 6678
6669 1 7126
10172 1 6669
6797 1 10172
10199 1 6797
6741 1 10199
6706 1 6741
3611 1 6706
10661 1 3611
10208 1 6808
6935 1 10208
6667 1 6935
6716 1 6667
3559 1 6716
6951 1 3559
6806 1 6951
7014 1 6806
7125 1 7014
3494 1 7125
6807 1 3494
6740 1 6807
7130 1 6740
7127 1 7130
6772 1 7127
10659 1 6772
10267 1 10659
7013 1 10267
3817 1 7013
6948 1 3817
6712 1 6948
6944 1 6712
7015 1 6944
6792 1 7015
10268 1 6792
6936 1 10268
3704 1 6936
6771 1 3704
6784 1 6771
3496 1 6784
3703 1 3496
6742 1 3703
6774 1 6742
3828 1 6774
10660 1 3828
10176 1 10660
6785 1 10176
6668 1 6785
3838 1 6668
6661 1 3838
3539 1 6661
3705 1 3539
10211 1 3705
3827 1 10211
6939 1 3827
6808 1 6939
