151
6641 6644 6648 6650 6654 10175 3799 3491 3816 6679 6680 6683 6687 6691 6692 6693 6694 6695 6703 6711 6643 6645 6649 6651 3819 3800 3488 3490 3492 6677 6681 7125 10180 6815 6817 7130 7014 3823 6715 6717 6720 6722 6729 6734 6737 6743 6746 6749 6753 6758 3532 3533 6766 3560 6771 6714 6716 6723 6726 6730 6735 6738 6750 3559 6697 6816 6935 6640 6652 3817 10172 10173 10662 3611 6669 3493 6671 6674 6678 6682 6684 6686 6688 10660 10659 6707 6719 6731 6736 6740 6742 10267 6745 7126 6748 10177 10178 6755 6757 6759 6760 6764 6774 3521 6712 3837 3539 3561 3838 3839 6778 6939 6950 6781 3496 6784 6785 6786 7128 3797 10200 10201 10199 6790 3827 3826 6791 6792 10268 3761 3762 6823 10211 6794 6937 6795 7012 6951 6796 6797 6799 6800 6801 6802 3706 6805 6806 10210 6808 7129 7015 
6641 1 6711
6644 1 6641
6648 1 6644
6650 1 6648
6654 1 6650
10175 1 6654
3799 1 10175
3491 1 3799
3816 1 3491
6679 1 3816
6680 1 6679
6683 1 6680
6687 1 6683
6691 1 6687
6692 1 6691
6693 1 6692
6694 1 6693
6695 1 6694
6703 1 6695
6711 1 6703
6643 1 7014
6645 1 6643
6649 1 6645
6651 1 6649
3819 1 6651
3800 1 3819
3488 1 3800
3490 1 3488
3492 1 3490
6677 1 3492
6681 1 6677
7125 1 6681
10180 1 7125
6815 1 10180
6817 1 6815
7130 1 6817
7014 1 7130
3823 1 6771
6715 1 3823
6717 1 6715
6720 1 6717
6722 1 6720
6729 1 6722
6734 1 6729
6737 1 6734
6743 1 6737
6746 1 6743
6749 1 6746
6753 1 6749
6758 1 6753
3532 1 6758
3533 1 3532
6766 1 3533
3560 1 6766
6771 1 3560
6714 1 6935
6716 1 6714
6723 1 6716
6726 1 6723
6730 1 6726
6735 1 6730
6738 1 6735
6750 1 6738
3559 1 6750
6697 1 3559
6816 1 6697
6935 1 6816
6640 1 7015
6652 1 6640
3817 1 6652
10172 1 3817
10173 1 10172
10662 1 10173
3611 1 10662
6669 1 3611
3493 1 6669
6671 1 3493
6674 1 6671
6678 1 6674
6682 1 6678
6684 1 6682
6686 1 6684
6688 1 6686
10660 1 6688
10659 1 10660
6707 1 10659
6719 1 6707
6731 1 6719
6736 1 6731
6740 1 6736
6742 1 6740
10267 1 6742
6745 1 10267
7126 1 6745
6748 1 7126
10177 1 6748
10178 1 10177
6755 1 10178
6757 1 6755
6759 1 6757
6760 1 6759
6764 1 6760
6774 1 6764
3521 1 6774
6712 1 3521
3837 1 6712
3539 1 3837
3561 1 3539
3838 1 3561
3839 1 3838
6778 1 3839
6939 1 6778
6950 1 6939
6781 1 6950
3496 1 6781
6784 1 3496
6785 1 6784
6786 1 6785
7128 1 6786
3797 1 7128
10200 1 3797
10201 1 10200
10199 1 10201
6790 1 10199
3827 1 6790
3826 1 3827
6791 1 3826
6792 1 6791
10268 1 6792
3761 1 10268
3762 1 3761
6823 1 3762
10211 1 6823
6794 1 10211
6937 1 6794
6795 1 6937
7012 1 6795
6951 1 7012
6796 1 6951
6797 1 6796
6799 1 6797
6800 1 6799
6801 1 6800
6802 1 6801
3706 1 6802
6805 1 3706
6806 1 6805
10210 1 6806
6808 1 10210
7129 1 6808
7015 1 7129
