258
3488 3489 3490 3491 3492 3493 3495 3496 3521 3531 3533 3536 3538 3558 3559 3560 3561 3597 3598 3599 3600 3611 3703 3705 3706 3761 3762 3763 3797 3799 3800 3801 3815 3816 3818 3819 3820 3821 3822 3823 3826 3827 3828 3836 3837 3838 3839 6639 6640 6641 6642 6643 6644 6645 6646 6647 6648 6649 6650 6651 6652 6653 6654 6655 6656 6657 6658 6659 6660 6661 6663 6664 6665 6666 6667 6668 6669 6670 6671 6672 6673 6674 6676 6677 6678 6679 6680 6682 6683 6684 6685 6686 6687 6688 6691 6694 6695 6696 6697 6698 6699 6700 6704 6705 6706 6707 6712 6713 6714 6715 6716 6717 6718 6719 6720 6721 6722 6723 6724 6725 6726 6727 6728 6729 6730 6731 6732 6733 6734 6735 6736 6737 6738 6739 6740 6741 6742 6743 6744 6745 6746 6747 6748 6749 6750 6751 6753 6754 6755 6758 6759 6760 6761 6762 6763 6764 6765 6766 6769 6770 6772 6773 6774 6777 6778 6779 6780 6781 6782 6783 6784 6785 6786 6787 6788 6789 6790 6791 6792 6793 6794 6795 6796 6797 6798 6799 6800 6801 6802 6803 6804 6805 6806 6807 6808 6809 6810 6815 6819 6820 6822 6823 6914 6932 6933 6934 6935 6936 6937 6938 6939 6941 6942 6943 6944 6948 6949 6950 6951 6952 7012 7013 7014 7015 7124 7125 7126 7127 7128 7129 7131 10173 10175 10176 10177 10178 10179 10180 10194 10198 10199 10200 10201 10202 10203 10204 10205 10207 10264 10265 10266 10267 10268 10269 10659 10660 10661 10662 
3488 4 3489 6666 6737 6738
3489 4 3488 6666 6737 6738
3490 1 3815
3491 4 3492 3493 6746 6748
3492 4 3491 3493 6746 6748
3493 4 3491 3492 6746 6748
3495 4 3561 3826 6790 7131
3496 3 6782 6798 6799
3521 3 3797 6639 6712
3531 3 6687 6688 6765
3533 2 6948 10660
3536 2 6730 6819
3538 2 6727 6728
3558 3 3559 6695 10659
3559 3 3558 6695 10659
3560 1 6914
3561 4 3495 3826 6790 7131
3597 2 6698 6815
3598 1 6700
3599 1 3801
3600 4 3838 6671 6791 6792
3611 2 6668 6669
3703 2 3763 7127
3705 1 6778
3706 1 6804
3761 1 3762
3762 1 3761
3763 2 3703 7127
3797 2 3521 6639
3799 1 3800
3800 1 3799
3801 1 3599
3815 1 3490
3816 2 6670 6671
3818 1 3819
3819 1 3818
3820 2 6732 6733
3821 2 3822 6713
3822 3 3821 6640 6713
3823 3 6642 6643 6714
3826 4 3495 3561 6790 7131
3827 2 3828 6667
3828 2 3827 6667
3836 1 6694
3837 1 6789
3838 4 3600 6671 6791 6792
3839 1 6777
6639 3 3521 3797 6712
6640 3 3822 6641 6713
6641 1 6640
6642 3 3823 6643 6714
6643 3 3823 6642 6714
6644 3 6645 6715 6716
6645 3 6644 6715 6716
6646 4 6647 6717 6718 6719
6647 4 6646 6717 6718 6719
6648 1 6649
6649 1 6648
6650 3 6651 6652 6653
6651 3 6650 6652 6653
6652 3 6650 6651 6653
6653 3 6650 6651 6652
6654 3 6655 6725 6726
6655 3 6654 6725 6726
6656 7 6657 6658 6659 6660 6727 6728 10264
6657 7 6656 6658 6659 6660 6727 6728 10264
6658 6 6656 6657 6659 6660 6727 10264
6659 7 6656 6657 6658 6660 6727 6728 10264
6660 6 6656 6657 6658 6659 6727 10264
6661 1 10176
6663 3 6732 6733 10266
6664 5 6665 6734 6735 6736 10194
6665 5 6664 6734 6735 6736 10194
6666 4 3488 3489 6737 6738
6667 2 3827 3828
6668 2 3611 6669
6669 2 3611 6668
6670 2 3816 6671
6671 6 3600 3816 3838 6670 6791 6792
6672 5 6673 6674 7124 10178 10179
6673 4 6672 6674 7124 10179
6674 5 6672 6673 7124 10178 10179
6676 2 6677 6678
6677 2 6676 6678
6678 2 6676 6677
6679 1 6820
6680 1 6682
6682 1 6680
6683 3 6684 6758 6759
6684 4 6683 6758 6759 6760
6685 1 6686
6686 1 6685
6687 3 3531 6688 6765
6688 3 3531 6687 6765
6691 2 6766 7125
6694 1 3836
6695 3 3558 3559 10659
6696 1 6769
6697 1 10180
6698 2 3597 6815
6699 1 6770
6700 1 3598
6704 3 6705 6772 10269
6705 3 6704 6772 10269
6706 2 6707 6801
6707 2 6706 6801
6712 2 3521 6639
6713 3 3821 3822 6640
6714 3 3823 6642 6643
6715 3 6644 6645 6716
6716 3 6644 6645 6715
6717 4 6646 6647 6718 6719
6718 4 6646 6647 6717 6719
6719 4 6646 6647 6717 6718
6720 1 6721
6721 1 6720
6722 2 6723 6724
6723 2 6722 6724
6724 2 6722 6723
6725 3 6654 6655 6726
6726 3 6654 6655 6725
6727 8 3538 6656 6657 6658 6659 6660 6728 10264
6728 5 3538 6656 6657 6659 6727
6729 3 6730 6731 6819
6730 4 3536 6729 6731 6819
6731 3 6729 6730 6819
6732 4 3820 6663 6733 10266
6733 4 3820 6663 6732 10266
6734 5 6664 6665 6735 6736 10194
6735 5 6664 6665 6734 6736 10194
6736 5 6664 6665 6734 6735 10194
6737 4 3488 3489 6666 6738
6738 4 3488 3489 6666 6737
6739 2 6740 10662
6740 2 6739 10662
6741 4 6742 6744 6745 10267
6742 4 6741 6744 6745 10267
6743 2 6744 6745
6744 5 6741 6742 6743 6745 10267
6745 5 6741 6742 6743 6744 10267
6746 4 3491 3492 3493 6748
6747 1 7126
6748 5 3491 3492 3493 6746 10177
6749 2 6750 6751
6750 2 6749 6751
6751 2 6749 6750
6753 2 6754 6755
6754 2 6753 6755
6755 2 6753 6754
6758 4 6683 6684 6759 6760
6759 4 6683 6684 6758 6760
6760 3 6684 6758 6759
6761 2 6762 10268
6762 2 6761 10268
6763 1 6764
6764 1 6763
6765 3 3531 6687 6688
6766 1 6691
6769 1 6696
6770 1 6699
6772 3 6704 6705 10269
6773 1 6774
6774 1 6773
6777 1 3839
6778 1 3705
6779 1 6793
6780 2 6794 6936
6781 2 6796 6797
6782 3 3496 6798 6799
6783 3 6784 6805 6806
6784 3 6783 6805 6806
6785 3 6786 6807 6808
6786 3 6785 6807 6808
6787 3 6788 6809 6810
6788 3 6787 6809 6810
6789 1 3837
6790 4 3495 3561 3826 7131
6791 4 3600 3838 6671 6792
6792 4 3600 3838 6671 6791
6793 1 6779
6794 2 6780 6936
6795 4 6937 6938 6939 7012
6796 2 6781 6797
6797 2 6781 6796
6798 4 3496 6782 6799 6800
6799 4 3496 6782 6798 6800
6800 2 6798 6799
6801 2 6706 6707
6802 1 6803
6803 1 6802
6804 1 3706
6805 3 6783 6784 6806
6806 3 6783 6784 6805
6807 3 6785 6786 6808
6808 3 6785 6786 6807
6809 3 6787 6788 6810
6810 3 6787 6788 6809
6815 2 3597 6698
6819 4 3536 6729 6730 6731
6820 1 6679
6822 1 6823
6823 1 6822
6914 1 3560
6932 8 6933 6934 6935 7013 7014 7015 7128 7129
6933 8 6932 6934 6935 7013 7014 7015 7128 7129
6934 8 6932 6933 6935 7013 7014 7015 7128 7129
6935 8 6932 6933 6934 7013 7014 7015 7128 7129
6936 2 6780 6794
6937 4 6795 6938 6939 7012
6938 3 6795 6937 6939
6939 3 6795 6937 6938
6941 3 6942 6943 6944
6942 3 6941 6943 6944
6943 3 6941 6942 6944
6944 3 6941 6942 6943
6948 2 3533 10660
6949 3 6950 6951 6952
6950 3 6949 6951 6952
6951 3 6949 6950 6952
6952 3 6949 6950 6951
7012 2 6795 6937
7013 8 6932 6933 6934 6935 7014 7015 7128 7129
7014 8 6932 6933 6934 6935 7013 7015 7128 7129
7015 7 6932 6933 6934 6935 7013 7014 7129
7124 4 6672 6673 6674 10179
7125 1 6691
7126 1 6747
7127 2 3703 3763
7128 7 6932 6933 6934 6935 7013 7014 7129
7129 8 6932 6933 6934 6935 7013 7014 7015 7128
7131 4 3495 3561 3826 6790
10173 1 10661
10175 1 10265
10176 1 6661
10177 1 6748
10178 3 6672 6674 10179
10179 5 6672 6673 6674 7124 10178
10180 1 6697
10194 5 6664 6665 6734 6735 6736
10198 3 10199 10200 10201
10199 3 10198 10200 10201
10200 3 10198 10199 10201
10201 3 10198 10199 10200
10202 2 10203 10204
10203 2 10202 10204
10204 2 10202 10203
10205 1 10207
10207 1 10205
10264 6 6656 6657 6658 6659 6660 6727
10265 1 10175
10266 3 6663 6732 6733
10267 4 6741 6742 6744 6745
10268 2 6761 6762
10269 3 6704 6705 6772
10659 3 3558 3559 6695
10660 2 3533 6948
10661 1 10173
10662 2 6739 6740
