286
3488 3489 3490 3491 3492 3493 3494 3495 3496 3510 3521 3531 3532 3533 3536 3538 3539 3558 3559 3560 3561 3597 3598 3599 3600 3611 3703 3704 3705 3706 3761 3762 3763 3797 3799 3800 3801 3815 3816 3817 3818 3819 3820 3821 3822 3823 3826 3827 3828 3836 3837 3838 3839 6639 6640 6641 6642 6643 6644 6645 6646 6647 6648 6649 6650 6651 6652 6653 6654 6655 6656 6657 6658 6659 6660 6661 6663 6664 6665 6666 6667 6668 6669 6670 6671 6672 6673 6674 6676 6677 6678 6679 6680 6681 6682 6683 6684 6685 6686 6687 6688 6689 6690 6691 6692 6693 6694 6695 6696 6697 6698 6699 6700 6702 6703 6704 6705 6706 6707 6712 6713 6714 6715 6716 6717 6718 6719 6720 6721 6722 6723 6724 6725 6726 6727 6728 6729 6730 6731 6732 6733 6734 6735 6736 6737 6738 6739 6740 6741 6742 6743 6744 6745 6746 6747 6748 6749 6750 6751 6753 6754 6755 6757 6758 6759 6760 6761 6762 6763 6764 6765 6766 6767 6768 6769 6770 6771 6772 6773 6774 6775 6777 6778 6779 6780 6781 6782 6783 6784 6785 6786 6787 6788 6789 6790 6791 6792 6793 6794 6795 6796 6797 6798 6799 6800 6801 6802 6803 6804 6805 6806 6807 6808 6809 6810 6813 6815 6816 6817 6819 6820 6822 6823 6914 6932 6933 6934 6935 6936 6937 6938 6939 6941 6942 6943 6944 6948 6949 6950 6951 6952 7012 7013 7014 7015 7124 7125 7126 7127 7128 7129 7130 7131 10171 10172 10173 10174 10175 10176 10177 10178 10179 10180 10194 10198 10199 10200 10201 10202 10203 10204 10205 10207 10208 10210 10211 10264 10265 10266 10267 10268 10269 10659 10660 10661 10662 
3488 2 40 84 
3489 2 49 57 
3490 1 40 
3491 1 219 
3492 3 134 96 221 
3493 2 66 211 
3494 1 203 
3495 3 52 191 0 
3496 2 3 255 
3510 2 38 70 
3521 2 108 41 
3531 2 73 271 
3532 1 212 
3533 1 129 
3536 3 230 239 9 
3538 1 239 
3539 1 212 
3558 1 103 
3559 2 277 15 
3560 3 17 232 80 
3561 1 61 
3597 3 37 80 249 
3598 2 198 224 
3599 1 80 
3600 2 274 74 
3611 2 168 61 
3703 1 129 
3704 2 9 152 
3705 1 177 
3706 2 150 155 
3761 2 152 234 
3762 1 225 
3763 3 90 272 203 
3797 2 122 183 
3799 1 154 
3800 1 112 
3801 1 234 
3815 3 267 223 128 
3816 3 266 248 264 
3817 2 131 188 
3818 3 32 47 12 
3819 1 166 
3820 2 267 262 
3821 3 185 101 31 
3822 1 258 
3823 2 227 13 
3826 1 97 
3827 1 85 
3828 2 3 113 
3836 2 21 124 
3837 1 52 
3838 1 170 
3839 1 223 
6639 1 149 
6640 2 275 153 
6641 3 168 222 115 
6642 2 26 82 
6643 2 229 208 
6644 3 52 244 28 
6645 3 123 130 55 
6646 2 127 83 
6647 1 110 
6648 3 42 124 88 
6649 3 34 92 270 
6650 1 15 
6651 3 149 84 135 
6652 2 156 10 
6653 1 130 
6654 2 163 129 
6655 3 180 116 225 
6656 2 230 264 
6657 2 185 178 
6658 3 127 140 82 
6659 1 109 
6660 2 191 274 
6661 3 278 46 47 
6663 3 82 241 29 
6664 3 8 183 113 
6665 3 197 63 172 
6666 3 200 210 101 
6667 2 67 154 
6668 2 129 18 
6669 1 115 
6670 3 58 199 247 
6671 1 252 
6672 2 187 239 
6673 2 105 225 
6674 1 271 
6676 1 263 
6677 1 220 
6678 2 224 243 
6679 2 138 101 
6680 3 135 228 143 
6681 1 115 
6682 3 284 211 149 
6683 1 218 
6684 1 135 
6685 3 88 138 266 
6686 3 14 65 67 
6687 3 138 21 170 
6688 1 270 
6689 2 43 267 
6690 2 89 114 
6691 2 55 285 
6692 1 122 
6693 3 61 262 170 
6694 1 247 
6695 1 119 
6696 3 95 212 78 
6697 2 44 61 
6698 3 250 256 95 
6699 2 144 98 
6700 3 267 233 87 
6702 2 231 184 
6703 2 30 19 
6704 2 285 134 
6705 1 109 
6706 3 93 98 31 
6707 3 202 186 191 
6712 1 196 
6713 2 209 180 
6714 1 12 
6715 2 230 192 
6716 3 20 98 256 
6717 2 154 131 
6718 1 39 
6719 3 60 191 217 
6720 3 125 237 143 
6721 1 265 
6722 2 106 86 
6723 3 45 228 66 
6724 1 163 
6725 2 28 115 
6726 2 117 62 
6727 1 162 
6728 2 95 86 
6729 1 124 
6730 2 55 76 
6731 3 198 25 117 
6732 3 48 123 25 
6733 2 30 109 
6734 1 167 
6735 3 247 4 260 
6736 3 279 66 231 
6737 3 1 211 147 
6738 2 88 34 
6739 3 201 5 227 
6740 3 81 231 205 
6741 2 46 231 
6742 2 207 36 
6743 2 64 241 
6744 1 29 
6745 3 236 246 59 
6746 1 45 
6747 1 284 
6748 3 42 82 151 
6749 2 211 245 
6750 1 90 
6751 2 279 138 
6753 1 84 
6754 3 277 220 206 
6755 3 64 82 165 
6757 3 171 108 227 
6758 2 57 53 
6759 2 110 118 
6760 3 233 38 194 
6761 1 106 
6762 3 260 63 96 
6763 3 265 135 49 
6764 1 252 
6765 3 132 31 35 
6766 2 188 107 
6767 2 216 212 
6768 1 0 
6769 3 93 26 118 
6770 3 220 28 81 
6771 2 198 154 
6772 2 181 133 
6773 3 267 189 205 
6774 1 196 
6775 2 195 178 
6777 2 273 113 
6778 2 162 200 
6779 2 122 216 
6780 3 202 42 9 
6781 3 103 158 97 
6782 1 24 
6783 2 177 197 
6784 2 35 115 
6785 2 197 124 
6786 3 179 0 6 
6787 3 8 39 275 
6788 3 184 220 167 
6789 1 66 
6790 3 242 259 186 
6791 2 129 60 
6792 2 54 49 
6793 3 224 230 51 
6794 3 162 160 221 
6795 3 94 219 239 
6796 1 188 
6797 1 147 
6798 1 65 
6799 3 93 173 258 
6800 1 115 
6801 2 152 66 
6802 3 7 252 150 
6803 2 116 228 
6804 1 185 
6805 3 51 80 164 
6806 2 262 212 
6807 1 195 
6808 1 47 
6809 3 52 241 0 
6810 3 20 231 122 
6813 1 116 
6815 3 157 40 119 
6816 1 92 
6817 2 274 124 
6819 3 16 54 196 
6820 1 39 
6822 1 56 
6823 1 236 
6914 1 49 
6932 1 34 
6933 2 50 262 
6934 1 180 
6935 1 156 
6936 1 105 
6937 1 31 
6938 3 184 149 172 
6939 1 62 
6941 2 14 219 
6942 3 279 171 199 
6943 2 212 221 
6944 2 191 96 
6948 1 152 
6949 1 238 
6950 3 283 128 193 
6951 3 238 220 105 
6952 3 285 25 216 
7012 3 258 5 200 
7013 2 82 209 
7014 3 12 155 118 
7015 3 64 276 62 
7124 2 206 107 
7125 2 155 207 
7126 3 270 133 79 
7127 2 195 216 
7128 1 64 
7129 3 188 208 238 
7130 2 86 188 
7131 3 221 11 234 
10171 3 40 76 76 
10172 1 240 
10173 1 199 
10174 1 184 
10175 3 25 46 246 
10176 2 161 97 
10177 1 223 
10178 2 63 183 
10179 1 108 
10180 2 29 247 
10194 2 90 125 
10198 2 49 157 
10199 1 238 
10200 1 238 
10201 3 119 252 264 
10202 3 237 248 136 
10203 3 261 206 166 
10204 1 186 
10205 3 225 43 45 
10207 3 94 214 143 
10208 1 9 
10210 2 172 127 
10211 2 105 256 
10264 2 123 4 
10265 3 94 214 260 
10266 1 198 
10267 1 73 
10268 2 24 2 
10269 3 244 38 213 
10659 1 263 
10660 1 270 
10661 1 102 
10662 2 52 124 
