278
3488 3489 3490 3491 3492 3493 3494 3495 3496 3510 3521 3531 3533 3536 3538 3539 3558 3559 3560 3561 3597 3598 3599 3600 3611 3703 3705 3706 3761 3762 3763 3797 3799 3800 3801 3815 3816 3817 3818 3819 3820 3821 3822 3823 3826 3827 3828 3836 3837 3838 3839 6639 6640 6641 6642 6643 6644 6645 6646 6647 6648 6649 6650 6651 6652 6653 6654 6655 6656 6657 6658 6659 6660 6661 6663 6664 6665 6666 6667 6668 6669 6670 6671 6672 6673 6674 6676 6677 6678 6679 6680 6681 6682 6683 6684 6685 6686 6687 6688 6690 6691 6692 6693 6694 6695 6696 6697 6698 6699 6700 6702 6703 6704 6705 6706 6707 6712 6713 6714 6715 6716 6717 6718 6719 6720 6721 6722 6723 6724 6725 6726 6727 6728 6729 6730 6731 6732 6733 6734 6735 6736 6737 6738 6739 6740 6741 6742 6743 6744 6745 6746 6747 6748 6749 6750 6751 6753 6754 6755 6757 6758 6759 6760 6761 6762 6763 6764 6765 6766 6767 6768 6769 6770 6771 6772 6773 6774 6777 6778 6779 6780 6781 6782 6783 6784 6785 6786 6787 6788 6789 6790 6791 6792 6793 6794 6795 6796 6797 6798 6799 6800 6801 6802 6803 6804 6805 6806 6807 6808 6809 6810 6813 6815 6816 6817 6819 6820 6822 6823 6914 6932 6933 6934 6935 6936 6937 6938 6939 6941 6942 6943 6944 6948 6949 6950 6951 6952 7012 7013 7014 7015 7124 7125 7126 7127 7128 7129 7130 7131 10171 10173 10174 10175 10176 10177 10178 10179 10180 10194 10198 10199 10200 10201 10202 10203 10204 10205 10207 10264 10265 10266 10267 10268 10269 10659 10660 10661 10662 
3488 5 3489 6666 6737 6738 10174
3489 5 3488 6666 6737 6738 10174
3490 3 3815 6747 7126
3491 7 3492 3493 6746 6747 6748 7126 10177
3492 7 3491 3493 6746 6747 6748 7126 10177
3493 7 3491 3492 6746 6747 6748 7126 10177
3494 2 3510 6703
3495 4 3561 3826 6790 7131
3496 6 3836 6694 6782 6798 6799 6800
3510 2 3494 6703
3521 3 3797 6639 6712
3531 3 6687 6688 6765
3533 6 6690 6781 6796 6797 6948 10660
3536 6 3818 3819 6729 6730 6731 6819
3538 10 6656 6657 6658 6659 6660 6727 6728 10175 10264 10265
3539 10 3817 6660 6727 6728 6729 6730 6731 6819 10175 10265
3558 3 3559 6695 10659
3559 3 3558 6695 10659
3560 1 6914
3561 4 3495 3826 6790 7131
3597 3 6698 6815 6816
3598 1 6700
3599 1 3801
3600 11 3816 3838 6670 6671 6672 6674 6749 6750 6751 6791 6792
3611 9 6668 6669 6741 6742 6743 6744 6745 10267 10662
3703 2 3763 7127
3705 1 6778
3706 1 6804
3761 5 3762 3839 6763 6764 6777
3762 5 3761 3839 6763 6764 6777
3763 2 3703 7127
3797 3 3521 6639 6712
3799 2 3800 10173
3800 2 3799 10173
3801 1 3599
3815 3 3490 6747 7126
3816 13 3600 3838 6670 6671 6672 6673 6674 6749 6750 6751 6791 6792 7124
3817 12 3539 6658 6660 6661 6729 6730 6731 6819 10175 10176 10264 10265
3818 6 3536 3819 6729 6730 6731 6819
3819 6 3536 3818 6729 6730 6731 6819
3820 5 6663 6732 6733 10266 10661
3821 8 3822 6640 6641 6713 6932 6933 7128 7130
3822 6 3821 6640 6641 6713 7128 7130
3823 3 6642 6643 6714
3826 4 3495 3561 6790 7131
3827 2 3828 6667
3828 2 3827 6667
3836 6 3496 6694 6782 6798 6799 6813
3837 1 6789
3838 12 3600 3816 6670 6671 6672 6673 6674 6749 6750 6751 6791 6792
3839 3 3761 3762 6777
6639 3 3521 3797 6712
6640 4 3821 3822 6641 6713
6641 4 3821 3822 6640 6713
6642 3 3823 6643 6714
6643 3 3823 6642 6714
6644 3 6645 6715 6716
6645 3 6644 6715 6716
6646 4 6647 6717 6718 6719
6647 4 6646 6717 6718 6719
6648 3 6649 6720 6721
6649 3 6648 6720 6721
6650 3 6651 6652 6653
6651 3 6650 6652 6653
6652 3 6650 6651 6653
6653 3 6650 6651 6652
6654 4 6655 6725 6726 10171
6655 4 6654 6725 6726 10171
6656 11 3538 6657 6658 6659 6660 6727 6728 10175 10176 10264 10265
6657 11 3538 6656 6658 6659 6660 6727 6728 10175 10176 10264 10265
6658 13 3538 3817 6656 6657 6659 6660 6661 6727 6728 10175 10176 10264 10265
6659 11 3538 6656 6657 6658 6660 6727 6728 10175 10176 10264 10265
6660 14 3538 3539 3817 6656 6657 6658 6659 6661 6727 6728 10175 10176 10264 10265
6661 6 3817 6658 6660 10176 10264 10265
6663 6 3820 6732 6733 10173 10266 10661
6664 5 6665 6734 6735 6736 10194
6665 5 6664 6734 6735 6736 10194
6666 5 3488 3489 6737 6738 10174
6667 2 3827 3828
6668 10 3611 6669 6739 6741 6742 6743 6744 6745 10267 10662
6669 9 3611 6668 6741 6742 6743 6744 6745 10267 10662
6670 13 3600 3816 3838 6671 6672 6673 6674 6749 6750 6751 6791 6792 7124
6671 13 3600 3816 3838 6670 6672 6673 6674 6749 6750 6751 6791 6792 7124
6672 10 3600 3816 3838 6670 6671 6673 6674 7124 10178 10179
6673 9 3816 3838 6670 6671 6672 6674 7124 10178 10179
6674 10 3600 3816 3838 6670 6671 6672 6673 7124 10178 10179
6676 5 6677 6678 6753 6754 6755
6677 5 6676 6678 6753 6754 6755
6678 5 6676 6677 6753 6754 6755
6679 1 6820
6680 2 6681 6682
6681 2 6680 6682
6682 2 6680 6681
6683 5 6684 6757 6758 6759 6760
6684 5 6683 6757 6758 6759 6760
6685 4 6686 6761 6762 10268
6686 4 6685 6761 6762 10268
6687 3 3531 6688 6765
6688 3 3531 6687 6765
6690 3 3533 6948 10660
6691 2 6766 7125
6692 1 6767
6693 1 6768
6694 6 3496 3836 6782 6798 6799 6813
6695 3 3558 3559 10659
6696 1 6769
6697 1 10180
6698 3 3597 6815 6816
6699 2 6770 6817
6700 1 3598
6702 1 6771
6703 2 3494 3510
6704 7 6705 6706 6707 6772 6801 6803 10269
6705 3 6704 6772 10269
6706 7 6704 6707 6773 6774 6801 6803 10269
6707 7 6704 6706 6773 6774 6801 6803 10269
6712 3 3521 3797 6639
6713 6 3821 3822 6640 6641 7128 7130
6714 3 3823 6642 6643
6715 3 6644 6645 6716
6716 3 6644 6645 6715
6717 4 6646 6647 6718 6719
6718 4 6646 6647 6717 6719
6719 4 6646 6647 6717 6718
6720 3 6648 6649 6721
6721 3 6648 6649 6720
6722 2 6723 6724
6723 2 6722 6724
6724 2 6722 6723
6725 4 6654 6655 6726 10171
6726 4 6654 6655 6725 10171
6727 12 3538 3539 6656 6657 6658 6659 6660 6728 10175 10176 10264 10265
6728 11 3538 3539 6656 6657 6658 6659 6660 6727 10175 10264 10265
6729 10 3536 3539 3817 3818 3819 6730 6731 6819 10175 10265
6730 10 3536 3539 3817 3818 3819 6729 6731 6819 10175 10265
6731 10 3536 3539 3817 3818 3819 6729 6730 6819 10175 10265
6732 6 3820 6663 6733 10173 10266 10661
6733 6 3820 6663 6732 10173 10266 10661
6734 5 6664 6665 6735 6736 10194
6735 5 6664 6665 6734 6736 10194
6736 5 6664 6665 6734 6735 10194
6737 5 3488 3489 6666 6738 10174
6738 5 3488 3489 6666 6737 10174
6739 3 6668 6740 10662
6740 2 6739 10662
6741 8 3611 6668 6669 6742 6743 6744 6745 10267
6742 9 3611 6668 6669 6741 6743 6744 6745 6790 10267
6743 8 3611 6668 6669 6741 6742 6744 6745 10267
6744 8 3611 6668 6669 6741 6742 6743 6745 10267
6745 9 3611 6668 6669 6741 6742 6743 6744 10267 10662
6746 7 3491 3492 3493 6747 6748 7126 10177
6747 7 3490 3491 3492 3493 3815 6746 7126
6748 5 3491 3492 3493 6746 10177
6749 9 3600 3816 3838 6670 6671 6750 6751 6791 6792
6750 9 3600 3816 3838 6670 6671 6749 6751 6791 6792
6751 9 3600 3816 3838 6670 6671 6749 6750 6791 6792
6753 5 6676 6677 6678 6754 6755
6754 5 6676 6677 6678 6753 6755
6755 5 6676 6677 6678 6753 6754
6757 5 6683 6684 6758 6759 6760
6758 5 6683 6684 6757 6759 6760
6759 5 6683 6684 6757 6758 6760
6760 5 6683 6684 6757 6758 6759
6761 4 6685 6686 6762 10268
6762 4 6685 6686 6761 10268
6763 3 3761 3762 6764
6764 3 3761 3762 6763
6765 3 3531 6687 6688
6766 2 6691 7125
6767 1 6692
6768 1 6693
6769 1 6696
6770 2 6699 6817
6771 1 6702
6772 4 6704 6705 6803 10269
6773 4 6706 6707 6774 6801
6774 4 6706 6707 6773 6801
6777 3 3761 3762 3839
6778 1 3705
6779 1 6793
6780 2 6794 6936
6781 5 3533 6796 6797 6948 10660
6782 6 3496 3836 6694 6798 6799 6800
6783 3 6784 6805 6806
6784 3 6783 6805 6806
6785 3 6786 6807 6808
6786 3 6785 6807 6808
6787 3 6788 6809 6810
6788 3 6787 6809 6810
6789 1 3837
6790 5 3495 3561 3826 6742 7131
6791 9 3600 3816 3838 6670 6671 6749 6750 6751 6792
6792 9 3600 3816 3838 6670 6671 6749 6750 6751 6791
6793 1 6779
6794 2 6780 6936
6795 4 6937 6938 6939 7012
6796 5 3533 6781 6797 6948 10660
6797 5 3533 6781 6796 6948 10660
6798 6 3496 3836 6694 6782 6799 6800
6799 6 3496 3836 6694 6782 6798 6800
6800 4 3496 6782 6798 6799
6801 7 6704 6706 6707 6773 6774 6802 6803
6802 2 6801 6803
6803 7 6704 6706 6707 6772 6801 6802 10269
6804 1 3706
6805 3 6783 6784 6806
6806 3 6783 6784 6805
6807 3 6785 6786 6808
6808 3 6785 6786 6807
6809 3 6787 6788 6810
6810 3 6787 6788 6809
6813 2 3836 6694
6815 3 3597 6698 6816
6816 3 3597 6698 6815
6817 2 6699 6770
6819 10 3536 3539 3817 3818 3819 6729 6730 6731 10175 10265
6820 1 6679
6822 1 6823
6823 1 6822
6914 1 3560
6932 10 3821 6933 6934 6935 7013 7014 7015 7128 7129 7130
6933 10 3821 6932 6934 6935 7013 7014 7015 7128 7129 7130
6934 9 6932 6933 6935 7013 7014 7015 7128 7129 7130
6935 8 6932 6933 6934 7013 7014 7015 7128 7129
6936 2 6780 6794
6937 4 6795 6938 6939 7012
6938 4 6795 6937 6939 7012
6939 4 6795 6937 6938 7012
6941 3 6942 6943 6944
6942 3 6941 6943 6944
6943 3 6941 6942 6944
6944 3 6941 6942 6943
6948 6 3533 6690 6781 6796 6797 10660
6949 3 6950 6951 6952
6950 3 6949 6951 6952
6951 3 6949 6950 6952
6952 3 6949 6950 6951
7012 4 6795 6937 6938 6939
7013 8 6932 6933 6934 6935 7014 7015 7128 7129
7014 8 6932 6933 6934 6935 7013 7015 7128 7129
7015 8 6932 6933 6934 6935 7013 7014 7128 7129
7124 8 3816 6670 6671 6672 6673 6674 10178 10179
7125 2 6691 6766
7126 7 3490 3491 3492 3493 3815 6746 6747
7127 2 3703 3763
7128 12 3821 3822 6713 6932 6933 6934 6935 7013 7014 7015 7129 7130
7129 9 6932 6933 6934 6935 7013 7014 7015 7128 7130
7130 8 3821 3822 6713 6932 6933 6934 7128 7129
7131 4 3495 3561 3826 6790
10171 4 6654 6655 6725 6726
10173 7 3799 3800 6663 6732 6733 10266 10661
10174 5 3488 3489 6666 6737 6738
10175 17 3538 3539 3817 6656 6657 6658 6659 6660 6727 6728 6729 6730 6731 6819 10176 10264 10265
10176 11 3817 6656 6657 6658 6659 6660 6661 6727 10175 10264 10265
10177 5 3491 3492 3493 6746 6748
10178 5 6672 6673 6674 7124 10179
10179 5 6672 6673 6674 7124 10178
10180 1 6697
10194 5 6664 6665 6734 6735 6736
10198 3 10199 10200 10201
10199 3 10198 10200 10201
10200 3 10198 10199 10201
10201 3 10198 10199 10200
10202 2 10203 10204
10203 2 10202 10204
10204 2 10202 10203
10205 1 10207
10207 1 10205
10264 13 3538 3817 6656 6657 6658 6659 6660 6661 6727 6728 10175 10176 10265
10265 18 3538 3539 3817 6656 6657 6658 6659 6660 6661 6727 6728 6729 6730 6731 6819 10175 10176 10264
10266 6 3820 6663 6732 6733 10173 10661
10267 8 3611 6668 6669 6741 6742 6743 6744 6745
10268 4 6685 6686 6761 6762
10269 6 6704 6705 6706 6707 6772 6803
10659 3 3558 3559 6695
10660 6 3533 6690 6781 6796 6797 6948
10661 6 3820 6663 6732 6733 10173 10266
10662 6 3611 6668 6669 6739 6740 6745
