43
6641 6642 6644 6646 6648 6650 6654 6656 10175 3818 3820 3799 6664 6666 3815 3491 3816 6672 6676 6679 6680 6683 6685 6687 6689 6690 6691 6692 6693 6694 6695 6696 6698 6699 6700 3801 6914 6702 3510 6703 6704 6706 7013 
6641 1 7013
6642 1 6641
6644 1 6642
6646 1 6644
6648 1 6646
6650 1 6648
6654 1 6650
6656 1 6654
10175 1 6656
3818 1 10175
3820 1 3818
3799 1 3820
6664 1 3799
6666 1 6664
3815 1 6666
3491 1 3815
3816 1 3491
6672 1 3816
6676 1 6672
6679 1 6676
6680 1 6679
6683 1 6680
6685 1 6683
6687 1 6685
6689 1 6687
6690 1 6689
6691 1 6690
6692 1 6691
6693 1 6692
6694 1 6693
6695 1 6694
6696 1 6695
6698 1 6696
6699 1 6698
6700 1 6699
3801 1 6700
6914 1 3801
6702 1 6914
3510 1 6702
6703 1 3510
6704 1 6703
6706 1 6704
7013 1 6706
