131
3488 3490 3491 3492 3494 3510 3532 3533 3558 3559 3560 3597 3598 3599 3799 3800 3801 3815 3816 3818 3819 3820 3823 3836 6641 6642 6643 6644 6645 6646 6647 6648 6649 6650 6651 6654 6655 6656 6657 6663 6664 6665 6666 6670 6672 6673 6676 6677 6679 6680 6681 6683 6685 6687 6689 6690 6691 6692 6693 6694 6695 6696 6697 6698 6699 6700 6702 6703 6704 6706 6713 6714 6715 6716 6717 6718 6720 6721 6722 6723 6725 6726 6727 6728 6729 6730 6732 6733 6734 6735 6737 6738 6739 6743 6744 6746 6747 6749 6750 6753 6754 6758 6761 6763 6765 6766 6767 6768 6769 6770 6771 6772 6773 6775 6813 6815 6816 6817 6914 6934 6935 6948 7013 7014 7125 7130 10175 10179 10180 10265 10269 
3488 2 6676 6815
3490 3 3599 3533 6746
3491 2 6695 6773
3492 3 6677 6644 6730
3494 3 6713 10180 6644
3510 3 3490 6723 6666
3532 3 6691 6769 6722
3533 3 6765 6697 6714
3558 2 6775 7130
3559 3 7013 3532 10179
3560 2 10180 6817
3597 1 6727
3598 1 10179
3599 1 6687
3799 3 6654 6815 6730
3800 1 6732
3801 3 6670 6695 6816
3815 2 6761 6642
3816 2 10179 3488
3818 3 6700 3533 3532
3819 3 6641 6714 7125
3820 2 6729 3492
3823 3 3559 7013 6648
3836 3 6704 7013 3558
6641 3 6772 6677 6743
6642 1 6672
6643 2 6747 7130
6644 2 6737 6775
6645 3 3818 6717 3820
6646 2 6729 6651
6647 1 6650
6648 1 10180
6649 2 6934 6715
6650 1 6747
6651 1 6650
6654 3 3816 6772 6746
6655 3 6815 6714 6817
6656 2 3820 6713
6657 3 6817 6727 6665
6663 1 6687
6664 3 6679 6813 6666
6665 1 3533
6666 3 6744 6696 10265
6670 2 6935 3816
6672 1 6769
6673 2 6733 6948
6676 3 6771 6730 6689
6677 3 6676 3597 6641
6679 1 6728
6680 2 6699 6765
6681 1 6767
6683 3 6750 6769 6767
6685 2 3599 6672
6687 1 6654
6689 1 6733
6690 3 3823 10180 3490
6691 3 6698 6685 6666
6692 1 6754
6693 2 6732 3799
6694 3 6650 6697 6768
6695 1 10180
6696 2 6646 3597
6697 1 6743
6698 1 6739
6699 1 6714
6700 2 6650 3510
6702 2 6644 6934
6703 3 7013 6750 6717
6704 3 3801 6768 6676
6706 3 10179 6732 6713
6713 2 10180 6689
6714 3 6677 6934 6771
6715 1 6691
6716 1 6655
6717 1 6775
6718 3 6680 6651 3801
6720 2 6771 6735
6721 3 6739 6681 3823
6722 1 3490
6723 1 3559
6725 1 6689
6726 1 10265
6727 3 6677 6743 6948
6728 1 10269
6729 3 6706 3558 3599
6730 3 3532 6749 6948
6732 1 3490
6733 1 3532
6734 2 6717 6761
6735 2 6773 6714
6737 3 6727 6644 6730
6738 2 6679 6771
6739 1 3598
6743 1 3533
6744 1 6750
6746 3 6673 6739 6715
6747 1 3558
6749 3 6771 6948 3492
6750 2 6715 7130
6753 2 3823 6696
6754 1 6689
6758 3 6725 6948 6739
6761 2 6749 3533
6763 2 6713 6698
6765 2 6767 6816
6766 2 6739 3815
6767 1 6813
6768 3 6704 7013 6702
6769 3 3532 6746 3488
6770 2 6693 6732
6771 3 6657 6815 6746
6772 3 6673 6672 3597
6773 3 3815 6750 6767
6775 3 3820 6770 3597
6813 1 3799
6815 3 6693 7125 6729
6816 1 6648
6817 1 6750
6914 3 3815 6763 6696
6934 1 7125
6935 2 6769 6718
6948 1 6721
7013 1 3819
7014 1 3836
7125 2 6656 6672
7130 3 6817 6677 6934
10175 3 6815 7013 6664
10179 2 6754 6647
10180 2 6641 6681
10265 3 6725 6644 6726
10269 2 6754 6771
