241
3491 3799 3801 3816 6641 6642 6644 6648 6650 6654 6666 6672 6679 6680 6683 6685 6687 6689 6691 6693 6694 6695 6698 6699 6700 6706 7013 10175 3488 3490 3492 3800 3819 6643 6645 6647 6649 6651 6655 6670 6673 6677 6681 6813 6815 6817 7014 7125 7130 10180 10265 3494 3532 3533 3558 3560 3597 3598 3599 3823 3836 6713 6715 6717 6720 6722 6725 6729 6732 6734 6737 6743 6746 6749 6753 6758 6763 6765 6766 6768 6769 6770 6771 6772 6775 6934 3559 6697 6714 6716 6723 6726 6730 6735 6738 6739 6744 6750 6754 6761 6816 6935 6948 10179 3489 3493 3495 3496 3521 3531 3536 3538 3539 3561 3600 3611 3703 3704 3705 3706 3761 3762 3763 3797 3817 3821 3822 3826 3827 3828 3837 3838 3839 6640 6652 6653 6661 6667 6668 6669 6671 6674 6678 6682 6684 6686 6688 6707 6712 6719 6731 6736 6740 6741 6742 6745 6748 6751 6755 6757 6759 6760 6762 6764 6774 6777 6778 6779 6780 6781 6782 6783 6784 6785 6789 6790 6791 6792 6793 6794 6795 6796 6797 6798 6799 6800 6801 6802 6804 6805 6806 6807 6808 6819 6822 6823 6932 6933 6936 6937 6938 6939 6941 6942 6943 6944 6949 6950 6951 6952 7012 7015 7124 7126 7127 7128 7129 7131 10172 10176 10177 10178 10194 10198 10199 10200 10201 10203 10204 10205 10207 10208 10210 10211 10266 10267 10268 10659 10660 10661 10662 
3491 1 10175
3799 1 3491
3801 1 3799
3816 1 3801
6641 1 3816
6642 1 6641
6644 1 6642
6648 1 6644
6650 1 6648
6654 1 6650
6666 1 6654
6672 1 6666
6679 1 6672
6680 1 6679
6683 1 6680
6685 1 6683
6687 1 6685
6689 1 6687
6691 1 6689
6693 1 6691
6694 1 6693
6695 1 6694
6698 1 6695
6699 1 6698
6700 1 6699
6706 1 6700
7013 1 6706
10175 1 7013
3488 1 10265
3490 1 3488
3492 1 3490
3800 1 3492
3819 1 3800
6643 1 3819
6645 1 6643
6647 1 6645
6649 1 6647
6651 1 6649
6655 1 6651
6670 1 6655
6673 1 6670
6677 1 6673
6681 1 6677
6813 1 6681
6815 1 6813
6817 1 6815
7014 1 6817
7125 1 7014
7130 1 7125
10180 1 7130
10265 1 10180
3494 1 6934
3532 1 3494
3533 1 3532
3558 1 3533
3560 1 3558
3597 1 3560
3598 1 3597
3599 1 3598
3823 1 3599
3836 1 3823
6713 1 3836
6715 1 6713
6717 1 6715
6720 1 6717
6722 1 6720
6725 1 6722
6729 1 6725
6732 1 6729
6734 1 6732
6737 1 6734
6743 1 6737
6746 1 6743
6749 1 6746
6753 1 6749
6758 1 6753
6763 1 6758
6765 1 6763
6766 1 6765
6768 1 6766
6769 1 6768
6770 1 6769
6771 1 6770
6772 1 6771
6775 1 6772
6934 1 6775
3559 1 10179
6697 1 3559
6714 1 6697
6716 1 6714
6723 1 6716
6726 1 6723
6730 1 6726
6735 1 6730
6738 1 6735
6739 1 6738
6744 1 6739
6750 1 6744
6754 1 6750
6761 1 6754
6816 1 6761
6935 1 6816
6948 1 6935
10179 1 6948
3489 1 10662
3493 1 3489
3495 1 3493
3496 1 3495
3521 1 3496
3531 1 3521
3536 1 3531
3538 1 3536
3539 1 3538
3561 1 3539
3600 1 3561
3611 1 3600
3703 1 3611
3704 1 3703
3705 1 3704
3706 1 3705
3761 1 3706
3762 1 3761
3763 1 3762
3797 1 3763
3817 1 3797
3821 1 3817
3822 1 3821
3826 1 3822
3827 1 3826
3828 1 3827
3837 1 3828
3838 1 3837
3839 1 3838
6640 1 3839
6652 1 6640
6653 1 6652
6661 1 6653
6667 1 6661
6668 1 6667
6669 1 6668
6671 1 6669
6674 1 6671
6678 1 6674
6682 1 6678
6684 1 6682
6686 1 6684
6688 1 6686
6707 1 6688
6712 1 6707
6719 1 6712
6731 1 6719
6736 1 6731
6740 1 6736
6741 1 6740
6742 1 6741
6745 1 6742
6748 1 6745
6751 1 6748
6755 1 6751
6757 1 6755
6759 1 6757
6760 1 6759
6762 1 6760
6764 1 6762
6774 1 6764
6777 1 6774
6778 1 6777
6779 1 6778
6780 1 6779
6781 1 6780
6782 1 6781
6783 1 6782
6784 1 6783
6785 1 6784
6789 1 6785
6790 1 6789
6791 1 6790
6792 1 6791
6793 1 6792
6794 1 6793
6795 1 6794
6796 1 6795
6797 1 6796
6798 1 6797
6799 1 6798
6800 1 6799
6801 1 6800
6802 1 6801
6804 1 6802
6805 1 6804
6806 1 6805
6807 1 6806
6808 1 6807
6819 1 6808
6822 1 6819
6823 1 6822
6932 1 6823
6933 1 6932
6936 1 6933
6937 1 6936
6938 1 6937
6939 1 6938
6941 1 6939
6942 1 6941
6943 1 6942
6944 1 6943
6949 1 6944
6950 1 6949
6951 1 6950
6952 1 6951
7012 1 6952
7015 1 7012
7124 1 7015
7126 1 7124
7127 1 7126
7128 1 7127
7129 1 7128
7131 1 7129
10172 1 7131
10176 1 10172
10177 1 10176
10178 1 10177
10194 1 10178
10198 1 10194
10199 1 10198
10200 1 10199
10201 1 10200
10203 1 10201
10204 1 10203
10205 1 10204
10207 1 10205
10208 1 10207
10210 1 10208
10211 1 10210
10266 1 10211
10267 1 10266
10268 1 10267
10659 1 10268
10660 1 10659
10661 1 10660
10662 1 10661
