233
6640 6641 6642 6643 6644 6645 6647 6648 6649 6650 6651 6652 6653 6654 6655 10175 10265 3817 3819 10172 10266 3799 3800 6666 3488 3489 10662 3611 6669 6668 3490 3491 3492 3493 3816 6670 6671 6672 6673 6674 7124 6677 6678 6679 6680 6681 6682 6683 6684 6685 6686 6687 6688 10660 6691 7125 6693 6694 6813 6695 10659 10180 6698 6815 6817 6699 6700 3801 6706 6707 7130 7013 7014 6713 3821 3822 3823 6714 6715 6716 6717 6719 6720 6722 6723 6725 6726 6729 6730 6731 6732 10661 6734 6735 6736 10194 6737 6738 6739 6740 6742 6741 10267 6743 6744 6745 6746 7126 6748 10177 6749 6750 6751 10179 10178 6753 6754 6755 6757 6758 6759 6760 6761 6763 6764 6765 3531 3533 6948 6766 6768 3836 3558 3559 6769 6697 3597 6816 6770 3598 3599 6772 6774 6775 6934 6935 3521 6712 3837 3539 3536 6819 3495 3561 6667 3600 3838 3839 6777 7127 6778 6779 6822 6780 6938 6939 6942 6941 6949 6950 6781 6782 3496 6783 6784 6785 6932 7128 3797 10198 10200 10201 10199 3538 6789 10176 6661 6790 7131 3827 3828 3826 6791 6792 10204 10203 10268 6762 10205 10207 3761 3762 3763 3703 3704 3705 6793 6823 6794 6936 6937 6795 7012 6943 6944 6952 6951 6796 6797 6798 6799 6800 6801 6802 6804 3706 6805 6806 6807 6808 6933 7129 7015 
6640 14 6641 7130 7013 7014 6713 3821 3822 6934 6935 6932 7128 6933 7129 7015
6641 11 6640 7130 6713 3821 3822 6934 6935 6932 7128 6933 7129
6642 3 6643 3823 6714
6643 3 6642 3823 6714
6644 3 6645 6715 6716
6645 3 6644 6715 6716
6647 4 6648 6649 6717 6719
6648 5 6647 6649 6717 6719 6720
6649 5 6647 6648 6717 6719 6720
6650 7 6651 6652 6653 6722 6723 6725 6726
6651 7 6650 6652 6653 6722 6723 6725 6726
6652 7 6650 6651 6653 6722 6723 6725 6726
6653 7 6650 6651 6652 6722 6723 6725 6726
6654 4 6655 6725 6726 3538
6655 4 6654 6725 6726 3538
10175 14 10265 3817 3819 6729 6730 6731 3837 3539 3536 6819 3538 6789 10176 6661
10265 14 10175 3817 3819 6729 6730 6731 3837 3539 3536 6819 3538 6789 10176 6661
3817 12 10175 10265 3819 6729 6730 6731 3539 3536 6819 3538 10176 6661
3819 11 10175 10265 3817 10172 6729 6730 6731 3539 3536 6819 10176
10172 8 3819 10266 6729 6730 6731 6732 3536 6819
10266 5 10172 3799 3800 6732 10661
3799 8 10266 3800 6732 10661 6734 6735 6736 10194
3800 8 10266 3799 6732 10661 6734 6735 6736 10194
6666 10 3488 3489 10662 3611 6669 6668 6737 6738 6739 6740
3488 10 6666 3489 10662 3611 6669 6668 6737 6738 6739 6740
3489 10 6666 3488 10662 3611 6669 6668 6737 6738 6739 6740
10662 19 6666 3488 3489 3611 6669 6668 6737 6738 6739 6740 6742 6741 10267 6743 6744 6745 6790 7131 3826
3611 15 6666 3488 3489 10662 6669 6668 3490 6739 6740 6742 6741 10267 6743 6744 6745
6669 15 6666 3488 3489 10662 3611 6668 3490 6739 6740 6742 6741 10267 6743 6744 6745
6668 15 6666 3488 3489 10662 3611 6669 3490 6739 6740 6742 6741 10267 6743 6744 6745
3490 16 3611 6669 6668 3491 3492 3493 6742 6741 10267 6743 6744 6745 6746 7126 6748 10177
3491 10 3490 3492 3493 6746 7126 6748 10177 6749 6750 6751
3492 10 3490 3491 3493 6746 7126 6748 10177 6749 6750 6751
3493 10 3490 3491 3492 6746 7126 6748 10177 6749 6750 6751
3816 16 6670 6671 6672 6673 6674 7124 10177 6749 6750 6751 10179 10178 3600 3838 6791 6792
6670 16 3816 6671 6672 6673 6674 7124 10177 6749 6750 6751 10179 10178 3600 3838 6791 6792
6671 16 3816 6670 6672 6673 6674 7124 10177 6749 6750 6751 10179 10178 3600 3838 6791 6792
6672 20 3816 6670 6671 6673 6674 7124 6677 6678 6749 6750 6751 10179 10178 6753 6754 6755 3600 3838 6791 6792
6673 20 3816 6670 6671 6672 6674 7124 6677 6678 6749 6750 6751 10179 10178 6753 6754 6755 3600 3838 6791 6792
6674 20 3816 6670 6671 6672 6673 7124 6677 6678 6749 6750 6751 10179 10178 6753 6754 6755 3600 3838 6791 6792
7124 20 3816 6670 6671 6672 6673 6674 6677 6678 6749 6750 6751 10179 10178 6753 6754 6755 3600 3838 6791 6792
6677 10 6672 6673 6674 7124 6678 10179 10178 6753 6754 6755
6678 10 6672 6673 6674 7124 6677 10179 10178 6753 6754 6755
6679 2 6680 6682
6680 4 6679 6681 6682 6757
6681 5 6680 6682 6683 6684 6757
6682 4 6679 6680 6681 6757
6683 8 6681 6684 6757 6758 6759 6760 10268 6762
6684 8 6681 6683 6757 6758 6759 6760 10268 6762
6685 8 6686 6758 6759 6761 6763 6764 10268 6762
6686 6 6685 6761 6763 6764 10268 6762
6687 7 6688 6765 3531 3839 6777 3761 3762
6688 7 6687 6765 3531 3839 6777 3761 3762
10660 7 6691 7125 3533 6948 6781 6796 6797
6691 8 10660 7125 3533 6948 6766 6781 6796 6797
7125 8 10660 6691 3533 6948 6766 6781 6796 6797
6693 1 6768
6694 7 6813 3836 6782 3496 6798 6799 6800
6813 11 6694 6695 10659 3836 3558 3559 6782 3496 6798 6799 6800
6695 4 6813 10659 3558 3559
10659 4 6813 6695 3558 3559
10180 3 6769 6697 6816
6698 3 6815 3597 6816
6815 3 6698 3597 6816
6817 2 6699 6770
6699 2 6817 6770
6700 1 3598
3801 1 3599
6706 5 6707 6772 6774 6801 6802
6707 5 6706 6772 6774 6801 6802
7130 14 6640 6641 7013 7014 6713 3821 3822 6934 6935 6932 7128 6933 7129 7015
7013 13 6640 7130 7014 6713 3821 3822 6934 6935 6932 7128 6933 7129 7015
7014 13 6640 7130 7013 6713 3821 3822 6934 6935 6932 7128 6933 7129 7015
6713 14 6640 6641 7130 7013 7014 3821 3822 6934 6935 6932 7128 6933 7129 7015
3821 14 6640 6641 7130 7013 7014 6713 3822 6934 6935 6932 7128 6933 7129 7015
3822 14 6640 6641 7130 7013 7014 6713 3821 6934 6935 6932 7128 6933 7129 7015
3823 3 6642 6643 6714
6714 3 6642 6643 3823
6715 3 6644 6645 6716
6716 3 6644 6645 6715
6717 4 6647 6648 6649 6719
6719 4 6647 6648 6649 6717
6720 2 6648 6649
6722 5 6650 6651 6652 6653 6723
6723 5 6650 6651 6652 6653 6722
6725 7 6650 6651 6652 6653 6654 6655 6726
6726 8 6650 6651 6652 6653 6654 6655 6725 3538
6729 15 10175 10265 3817 3819 10172 6730 6731 3837 3539 3536 6819 3538 6789 10176 6661
6730 14 10175 10265 3817 3819 10172 6729 6731 3837 3539 3536 6819 3538 6789 10176
6731 15 10175 10265 3817 3819 10172 6729 6730 3837 3539 3536 6819 3538 6789 10176 6661
6732 5 10172 10266 3799 3800 10661
10661 4 10266 3799 3800 6732
6734 5 3799 3800 6735 6736 10194
6735 5 3799 3800 6734 6736 10194
6736 5 3799 3800 6734 6735 10194
10194 5 3799 3800 6734 6735 6736
6737 7 6666 3488 3489 10662 6738 6739 6740
6738 7 6666 3488 3489 10662 6737 6739 6740
6739 21 6666 3488 3489 10662 3611 6669 6668 6737 6738 6740 6742 6741 10267 6743 6744 6745 3495 3561 6790 7131 3826
6740 21 6666 3488 3489 10662 3611 6669 6668 6737 6738 6739 6742 6741 10267 6743 6744 6745 3495 3561 6790 7131 3826
6742 17 10662 3611 6669 6668 3490 6739 6740 6741 10267 6743 6744 6745 3495 3561 6790 7131 3826
6741 17 10662 3611 6669 6668 3490 6739 6740 6742 10267 6743 6744 6745 3495 3561 6790 7131 3826
10267 17 10662 3611 6669 6668 3490 6739 6740 6742 6741 6743 6744 6745 3495 3561 6790 7131 3826
6743 16 10662 3611 6669 6668 3490 6739 6740 6742 6741 10267 6744 6745 7126 6790 7131 3826
6744 17 10662 3611 6669 6668 3490 6739 6740 6742 6741 10267 6743 6745 3495 3561 6790 7131 3826
6745 17 10662 3611 6669 6668 3490 6739 6740 6742 6741 10267 6743 6744 3495 3561 6790 7131 3826
6746 10 3490 3491 3492 3493 7126 6748 10177 6749 6750 6751
7126 8 3490 3491 3492 3493 6743 6746 6748 10177
6748 14 3490 3491 3492 3493 6746 7126 10177 6749 6750 6751 3600 3838 6791 6792
10177 17 3490 3491 3492 3493 3816 6670 6671 6746 7126 6748 6749 6750 6751 3600 3838 6791 6792
6749 21 3491 3492 3493 3816 6670 6671 6672 6673 6674 7124 6746 6748 10177 6750 6751 10179 10178 3600 3838 6791 6792
6750 21 3491 3492 3493 3816 6670 6671 6672 6673 6674 7124 6746 6748 10177 6749 6751 10179 10178 3600 3838 6791 6792
6751 21 3491 3492 3493 3816 6670 6671 6672 6673 6674 7124 6746 6748 10177 6749 6750 10179 10178 3600 3838 6791 6792
10179 20 3816 6670 6671 6672 6673 6674 7124 6677 6678 6749 6750 6751 10178 6753 6754 6755 3600 3838 6791 6792
10178 20 3816 6670 6671 6672 6673 6674 7124 6677 6678 6749 6750 6751 10179 6753 6754 6755 3600 3838 6791 6792
6753 10 6672 6673 6674 7124 6677 6678 10179 10178 6754 6755
6754 10 6672 6673 6674 7124 6677 6678 10179 10178 6753 6755
6755 10 6672 6673 6674 7124 6677 6678 10179 10178 6753 6754
6757 8 6680 6681 6682 6683 6684 6758 6759 6760
6758 9 6683 6684 6685 6757 6759 6760 6761 10268 6762
6759 9 6683 6684 6685 6757 6758 6760 6761 10268 6762
6760 8 6683 6684 6757 6758 6759 6761 10268 6762
6761 7 6685 6686 6758 6759 6760 10268 6762
6763 7 6685 6686 6764 3839 6777 3761 3762
6764 7 6685 6686 6763 3839 6777 3761 3762
6765 7 6687 6688 3531 3839 6777 3761 3762
3531 7 6687 6688 6765 3839 6777 3761 3762
3533 8 10660 6691 7125 6948 6766 6781 6796 6797
6948 7 10660 6691 7125 3533 6781 6796 6797
6766 6 6691 7125 3533 6781 6796 6797
6768 1 6693
3836 7 6694 6813 6782 3496 6798 6799 6800
3558 4 6813 6695 10659 3559
3559 4 6813 6695 10659 3558
6769 2 10180 6697
6697 3 10180 6769 6816
3597 3 6698 6815 6816
6816 5 10180 6698 6815 6697 3597
6770 2 6817 6699
3598 1 6700
3599 1 3801
6772 4 6706 6707 6801 6802
6774 4 6706 6707 6775 6801
6775 4 6774 6785 6807 6808
6934 14 6640 6641 7130 7013 7014 6713 3821 3822 6935 6932 7128 6933 7129 7015
6935 14 6640 6641 7130 7013 7014 6713 3821 3822 6934 6932 7128 6933 7129 7015
3521 2 6712 3797
6712 2 3521 3797
3837 9 10175 10265 6729 6730 6731 3539 6819 3538 6789
3539 13 10175 10265 3817 3819 6729 6730 6731 3837 3536 6819 3538 6789 10176
3536 10 10175 10265 3817 3819 10172 6729 6730 6731 3539 6819
6819 14 10175 10265 3817 3819 10172 6729 6730 6731 3837 3539 3536 3538 6789 10176
3495 11 6739 6740 6742 6741 10267 6744 6745 3561 6790 7131 3826
3561 11 6739 6740 6742 6741 10267 6744 6745 3495 6790 7131 3826
6667 2 3827 3828
3600 17 3816 6670 6671 6672 6673 6674 7124 6748 10177 6749 6750 6751 10179 10178 3838 6791 6792
3838 17 3816 6670 6671 6672 6673 6674 7124 6748 10177 6749 6750 6751 10179 10178 3600 6791 6792
3839 9 6687 6688 6763 6764 6765 3531 6777 3761 3762
6777 9 6687 6688 6763 6764 6765 3531 3839 3761 3762
7127 3 3763 3703 3704
6778 1 3705
6779 1 6793
6822 1 6823
6780 2 6794 6936
6938 4 6939 6937 6795 7012
6939 4 6938 6937 6795 7012
6942 3 6941 6943 6944
6941 3 6942 6943 6944
6949 3 6950 6952 6951
6950 3 6949 6952 6951
6781 8 10660 6691 7125 3533 6948 6766 6796 6797
6782 7 6694 6813 3836 3496 6798 6799 6800
3496 7 6694 6813 3836 6782 6798 6799 6800
6783 5 6784 6804 3706 6805 6806
6784 5 6783 6804 3706 6805 6806
6785 3 6775 6807 6808
6932 14 6640 6641 7130 7013 7014 6713 3821 3822 6934 6935 7128 6933 7129 7015
7128 14 6640 6641 7130 7013 7014 6713 3821 3822 6934 6935 6932 6933 7129 7015
3797 2 3521 6712
10198 3 10200 10201 10199
10200 3 10198 10201 10199
10201 3 10198 10200 10199
10199 3 10198 10200 10201
3538 15 6654 6655 10175 10265 3817 6726 6729 6730 6731 3837 3539 6819 6789 10176 6661
6789 9 10175 10265 6729 6730 6731 3837 3539 6819 3538
10176 11 10175 10265 3817 3819 6729 6730 6731 3539 6819 3538 6661
6661 7 10175 10265 3817 6729 6731 3538 10176
6790 13 10662 6739 6740 6742 6741 10267 6743 6744 6745 3495 3561 7131 3826
7131 13 10662 6739 6740 6742 6741 10267 6743 6744 6745 3495 3561 6790 3826
3827 2 6667 3828
3828 2 6667 3827
3826 13 10662 6739 6740 6742 6741 10267 6743 6744 6745 3495 3561 6790 7131
6791 17 3816 6670 6671 6672 6673 6674 7124 6748 10177 6749 6750 6751 10179 10178 3600 3838 6792
6792 17 3816 6670 6671 6672 6673 6674 7124 6748 10177 6749 6750 6751 10179 10178 3600 3838 6791
10204 1 10203
10203 1 10204
10268 9 6683 6684 6685 6686 6758 6759 6760 6761 6762
6762 9 6683 6684 6685 6686 6758 6759 6760 6761 10268
10205 1 10207
10207 1 10205
3761 9 6687 6688 6763 6764 6765 3531 3839 6777 3762
3762 9 6687 6688 6763 6764 6765 3531 3839 6777 3761
3763 3 7127 3703 3704
3703 3 7127 3763 3704
3704 3 7127 3763 3703
3705 1 6778
6793 1 6779
6823 1 6822
6794 2 6780 6936
6936 2 6780 6794
6937 4 6938 6939 6795 7012
6795 4 6938 6939 6937 7012
7012 4 6938 6939 6937 6795
6943 3 6942 6941 6944
6944 3 6942 6941 6943
6952 3 6949 6950 6951
6951 3 6949 6950 6952
6796 8 10660 6691 7125 3533 6948 6766 6781 6797
6797 8 10660 6691 7125 3533 6948 6766 6781 6796
6798 7 6694 6813 3836 6782 3496 6799 6800
6799 7 6694 6813 3836 6782 3496 6798 6800
6800 7 6694 6813 3836 6782 3496 6798 6799
6801 5 6706 6707 6772 6774 6802
6802 4 6706 6707 6772 6801
6804 5 6783 6784 3706 6805 6806
3706 5 6783 6784 6804 6805 6806
6805 5 6783 6784 6804 3706 6806
6806 5 6783 6784 6804 3706 6805
6807 3 6775 6785 6808
6808 3 6775 6785 6807
6933 14 6640 6641 7130 7013 7014 6713 3821 3822 6934 6935 6932 7128 7129 7015
7129 14 6640 6641 7130 7013 7014 6713 3821 3822 6934 6935 6932 7128 6933 7015
7015 13 6640 7130 7013 7014 6713 3821 3822 6934 6935 6932 7128 6933 7129
