241
6640 6641 6642 6643 6644 6645 6647 6648 6649 6650 6651 6652 6653 6654 6655 10175 10265 3817 3819 10172 10266 3799 3800 6666 3488 3489 10662 3611 6669 6668 3490 3491 3492 3493 3816 6670 6671 6672 6673 6674 7124 6677 6678 6679 6680 6681 6682 6683 6684 6685 6686 6687 6688 6689 10660 6691 7125 6693 6694 6813 6695 10659 10180 6698 6815 6817 6699 6700 3801 6706 6707 7130 7013 7014 6713 3821 3822 3823 6714 6715 6716 6717 6719 6720 6722 6723 6725 6726 6729 6730 6731 6732 10661 6734 6735 6736 10194 6737 6738 6739 6740 6742 6741 10267 6743 6744 6745 6746 7126 6748 10177 6749 6750 6751 10179 10178 6753 6754 6755 6757 6758 6759 6760 6761 6763 6764 6765 3531 3532 3533 6948 6766 6768 3836 3558 3559 6769 6697 3597 6816 6770 3598 3599 3560 6771 3494 6772 6774 6775 6934 6935 3521 6712 3837 3539 3536 6819 3495 3561 6667 3600 3838 3839 6777 7127 6778 6779 6822 6780 6938 6939 6942 6941 6949 6950 6781 6782 3496 6783 6784 6785 6932 7128 3797 10198 10200 10201 10199 3538 6789 10176 6661 6790 7131 3827 3828 3826 6791 6792 10204 10203 10268 6762 10205 10207 3761 3762 3763 3703 3704 3705 6793 6823 10211 6794 6936 6937 6795 7012 10208 6943 6944 6952 6951 6796 6797 6798 6799 6800 6801 6802 6804 3706 6805 6806 10210 6807 6808 6933 7129 7015 
6640 2 0.035095792289234526 0.11279913459398279
6641 2 0.035095792289234526 0.14292640235293694
6642 2 0.021434022061363397 0.04785179563095684
6643 2 0.021434022061363397 0.058374619011626785
6644 2 0.010462453974185961 0.021969230227211808
6645 2 0.010462453974185961 0.03238311191123074
6647 2 0.04512935558249009 0.0649888097312943
6648 2 0.02596786181028152 0.18771270163729767
6649 2 0.02596786181028152 0.2004884539651739
6650 2 0.01040198469187196 0.01813503956710349
6651 2 0.02517043922556975 0.016818386872271936
6652 2 0.01040198469187196 0.008556992161262331
6653 2 0.016818386872271936 0.008556992161262331
6654 2 0.028820784012610217 0.049732350036201
6655 2 0.028820784012610217 0.06798801174487598
10175 2 0.026441246177441306 0.136129298339907
10265 2 0.026441246177441306 0.11611450151554893
3817 2 0.136129298339907 0.11611450151554893
3819 2 0.18356258992318444 0.12599457360864627
10172 2 0.28424315089660174 0.33571933690494815
10266 2 0.08666444461038693 0.15844716289601352
3799 2 0.01365338664579353 0.27655956711918184
3800 2 0.01365338664579353 0.2796545105214599
6666 2 0.022828499207711975 0.03535405353612592
3488 2 0.022828499207711975 0.01909068539525905
3489 2 0.03535405353612592 0.01909068539525905
10662 2 0.06386765114649637 0.08431541790438515
3611 2 0.015021880961782492 0.02703287669420453
6669 2 0.015021880961782492 0.041971161679604574
6668 2 0.02703287669420453 0.041971161679604574
3490 2 0.3582299797955433 0.15254082341315214
3491 2 0.02910697016745127 0.021372885910825794
3492 2 0.040573221380794666 0.013515127745170814
3493 2 0.02910697016745127 0.013515127745170814
3816 2 0.03262025854344658 0.012955250559892812
6670 2 0.03262025854344658 0.04365064021775573
6671 2 0.012955250559892812 0.04365064021775573
6672 2 0.024596329845832876 0.013308213487437439
6673 2 0.011585811763841925 0.010800779697706958
6674 2 0.013308213487437439 0.011585811763841925
7124 2 0.010800779697706958 0.0221519685651675
6677 2 0.014829780885668978 0.15962834191577138
6678 2 0.014829780885668978 0.15163908454800687
6679 2 0.41070365211050847 0.40569162069194636
6680 2 0.1401394011731573 0.009334907812963995
6681 2 0.1401394011731573 0.14554453791611585
6682 2 0.009334907812963995 0.14554453791611585
6683 2 0.013353089271561803 0.09562694110216419
6684 2 0.013353089271561803 0.08684676825328587
6685 2 0.012815342813880217 0.13629206699762128
6686 2 0.012815342813880217 0.1338894341831226
6687 2 0.008831944778892733 0.08188414701854321
6688 2 0.008831944778892733 0.0730533597949023
6689 2 0.8189129329468853 0.530085792652123
10660 2 0.04578485212213138 0.054736757468801335
6691 2 0.05810375663473004 0.1014006001611441
7125 2 0.05810375663473004 0.1310189071090574
6693 2 0.1466699903194117 0.5171481267656985
6694 2 0.016895454318762403 0.13864159370926432
6813 2 0.173856163551619 0.17537570496210286
6695 2 0.012861290886956457 0.01889876174507918
10659 2 0.012861290886956457 0.03171935638467587
10180 2 0.39454741925695686 0.0458856972997722
6698 2 0.04739641369006074 0.012692773298135096
6815 2 0.04739641369006074 0.051500568644114536
6817 2 0.2814539749498859 0.2717905229941385
6699 2 0.2814539749498859 0.017567944770520087
6700 2 0.017197768262541588 0.7625976335751893
3801 2 0.7740228439682278 0.01754997869240363
6706 2 0.00799774277444316 0.05437860096081619
6707 2 0.00799774277444316 0.062302310283808844
7130 2 0.22300651330343335 0.23115942915451038
7013 2 0.009149365449047518 0.015623040707737245
7014 2 0.009149365449047518 0.007819535154299702
6713 2 0.028235293463044278 0.0113297557586352
3821 2 0.028235293463044278 0.018648144831364833
3822 2 0.0113297557586352 0.018648144831364833
3823 2 0.04785179563095684 0.011659181255187596
6714 2 0.05430485280886657 0.011659181255187596
6715 2 0.021969230227211808 0.028361169415253573
6716 2 0.050266826138729785 0.028361169415253573
6717 2 0.04512935558249009 0.02020179970253823
6719 2 0.0649888097312943 0.02020179970253823
6720 2 0.18771270163729767 0.2004884539651739
6722 2 0.29958704571160394 0.023246167093663055
6723 2 0.3074454794261779 0.023246167093663055
6725 2 0.049732350036201 0.0265679147883076
6726 2 0.06901607346996752 0.0265679147883076
6729 2 0.03631020560225327 0.022276667515291917
6730 2 0.014033543667722878 0.018821702736669516
6731 2 0.022276667515291917 0.014033543667722878
6732 2 0.08666444461038693 0.2108693660391961
10661 2 0.15844716289601352 0.2108693660391961
6734 2 0.028464150118277395 0.010311382572919274
6735 2 0.024054218306478085 0.010872593958378248
6736 2 0.010311382572919274 0.024054218306478085
10194 2 0.010872593958378248 0.0295576983122762
6737 2 0.05571276047414921 0.02410631154545521
6738 2 0.06441683463122658 0.02410631154545521
6739 2 0.06386765114649637 0.021191248881070372
6740 2 0.08431541790438515 0.021191248881070372
6742 2 0.02718389355591427 0.018787752155127308
6741 2 0.02718389355591427 0.008396204289818838
10267 2 0.018787752155127308 0.008396204289818838
6743 2 0.05010179708409311 0.05512095684129073
6744 2 0.05010179708409311 0.014032427275729918
6745 2 0.05512095684129073 0.014032427275729918
6746 2 0.021372885910825794 0.04874039167443141
7126 2 0.15254082341315214 0.2413610403169808
6748 2 0.08720231078598337 0.037915285759096695
10177 2 0.12511746594994091 0.037915285759096695
6749 2 0.02473740081191557 0.01078412509166672
6750 2 0.02473740081191557 0.035521523334764195
6751 2 0.01078412509166672 0.035521523334764195
10179 2 0.08583727836799455 0.011591857491004805
10178 2 0.09509320107531676 0.011591857491004805
6753 2 0.021818525569295782 0.015461053328162245
6754 2 0.021818525569295782 0.009418020818784532
6755 2 0.015461053328162245 0.009418020818784532
6757 2 0.14852975520232553 0.14959913707932426
6758 2 0.010442213113030339 0.028696957429125366
6759 2 0.010442213113030339 0.01825559786254261
6760 2 0.028696957429125366 0.01825559786254261
6761 2 0.07771710778265901 0.08571943543896275
6763 2 0.007427795931403543 0.2629159700284371
6764 2 0.007427795931403543 0.2612181009098012
6765 2 0.0730533597949023 0.013402618906711723
3531 2 0.08558617371361996 0.013402618906711723
3532 2 0.530085792652123 1.3117687707921843
3533 2 0.04578485212213138 0.009912564306514791
6948 2 0.054736757468801335 0.009912564306514791
6766 2 0.1014006001611441 0.1310189071090574
6768 2 0.1466699903194117 0.6560510302329697
3836 2 0.016895454318762403 0.12314323904640917
3558 2 0.01889876174507918 0.019647637259291296
3559 2 0.03830372402989454 0.019647637259291296
6769 2 0.39454741925695686 0.39786465904843776
6697 2 0.0458856972997722 0.39786465904843776
3597 2 0.012692773298135096 0.051500568644114536
6816 2 0.24505191225630388 0.24416208796663558
6770 2 0.2717905229941385 0.017567944770520087
3598 2 0.017197768262541588 0.7622117986650951
3599 2 0.01754997869240363 0.7622117986650951
3560 2 0.8395435382120034 0.6579675180108151
6771 2 0.6579675180108151 0.8879068412929225
3494 2 0.5771179204491971 0.7931202468995393
6772 2 0.3277734187872664 0.3263687322904337
6774 2 0.44783704993951123 0.30199375031124004
6775 2 0.30199375031124004 0.40949955044353475
6934 2 0.02978636033028365 0.009461033242251182
6935 2 0.02107463755581981 0.009461033242251182
3521 2 0.012393821907921418 0.11677676393311157
6712 2 0.012393821907921418 0.12272014817854143
3837 2 0.33093197674680697 0.020677299345655136
3539 2 0.1664394413918285 0.17688604166550262
3536 2 0.0986485502785001 0.09890903916753284
6819 2 0.018821702736669516 0.032355088505448444
3495 2 0.008258479725249436 0.06856878807660144
3561 2 0.008258479725249436 0.0706011008643037
6667 2 0.016324553190553464 0.022016899974697482
3600 2 0.00809802836239157 0.012462028488345288
3838 2 0.00809802836239157 0.02029992610195535
3839 2 0.010011792966764977 0.16025695618468017
6777 2 0.010011792966764977 0.16816631088629364
7127 2 0.01956780807369055 0.027552567043507725
6778 2 0.023191373322551997 1.0842542251570437
6779 2 1.643192800830004 0.02012401803312652
6822 2 1.092931106196723 0.010547072956900189
6780 2 0.017009086233913645 0.03150357074917489
6938 2 0.018236659129828192 0.10234191783348556
6939 2 0.018236659129828192 0.10376961422340693
6942 2 0.009449434645182862 0.06047224642600933
6941 2 0.009449434645182862 0.06075653320490663
6949 2 0.010911927486115101 0.012308291031937257
6950 2 0.010911927486115101 0.019984788604203007
6781 2 0.012080243406157909 0.03954799595296223
6782 2 0.014611888980489107 0.06788027145237532
3496 2 0.014611888980489107 0.07194703938638114
6783 2 0.01031431714527833 0.011778782369403391
6784 2 0.01031431714527833 0.02179377407038365
6785 2 0.03404045990377516 0.0453881222085712
6932 2 0.00748237280906372 0.009519865615667283
7128 2 0.00748237280906372 0.01578294729456439
3797 2 0.11677676393311157 0.12272014817854143
10198 2 0.03072723724449114 0.01129179405529229
10200 2 0.019445035475559827 0.009421820197566856
10201 2 0.01129179405529229 0.019445035475559827
10199 2 0.009421820197566856 0.0287876716811796
3538 2 0.2218839153964396 0.2332338994822899
6789 2 0.020677299345655136 0.3250133705551951
10176 2 0.1654769058513324 0.1055945015740839
6661 2 0.2541908342459307 0.1055945015740839
6790 2 0.01302233828099535 0.006969695838004994
7131 2 0.01302233828099535 0.006055892475246489
3827 2 0.016324553190553464 0.008718439128670532
3828 2 0.022016899974697482 0.008718439128670532
3826 2 0.006969695838004994 0.006055892475246489
6791 2 0.012462028488345288 0.00878519646415052
6792 2 0.02096391361721242 0.00878519646415052
10204 2 1.8029070918230063 0.022500298329500908
10203 2 1.810876462812593 0.022500298329500908
10268 2 0.07771710778265901 0.009760501357977226
6762 2 0.08571943543896275 0.009760501357977226
10205 2 0.6717679414758804 0.011685589399034817
10207 2 0.6731985887622791 0.011685589399034817
3761 2 0.16025695618468017 0.015182686234851125
3762 2 0.16216658707766016 0.015182686234851125
3763 2 0.01956780807369055 0.008881833857842846
3703 2 0.027552567043507725 0.008881833857842846
3704 2 0.4153303030232498 0.4232672857984652
3705 2 0.023191373322551997 1.097861042827939
6793 2 0.02012401803312652 1.6484371286907862
6823 2 1.0842542251570437 0.010547072956900189
10211 2 1.8330608132223696 1.8519686917225655
6794 2 0.017009086233913645 0.021955878594712798
6936 2 0.03150357074917489 0.021955878594712798
6937 2 0.015607131327732808 0.07862944404398091
6795 2 0.015607131327732808 0.06791294307959361
7012 2 0.07862944404398091 0.06791294307959361
10208 2 0.8359220609593588 0.8396998400377612
6943 2 0.061790804952594425 0.012639581095068526
6944 2 0.06047224642600933 0.012639581095068526
6952 2 0.012308291031937257 0.012098619803049267
6951 2 0.02053962071232877 0.012098619803049267
6796 2 0.012080243406157909 0.027739628678918982
6797 2 0.03954799595296223 0.027739628678918982
6798 2 0.06788027145237532 0.024714047240265217
6799 2 0.07755335060693573 0.024714047240265217
6800 2 0.09971959004365565 0.09504061065914125
6801 2 0.05437860096081619 0.062302310283808844
6802 2 0.371769133668214 0.40278484407597825
6804 2 0.39806589967444983 0.010510005937825124
3706 2 0.4029336897924937 0.010510005937825124
6805 2 0.011778782369403391 0.012508115131411666
6806 2 0.023970352252607453 0.012508115131411666
10210 2 2.6265777012244538 2.6222746093357023
6807 2 0.03404045990377516 0.011465190757984144
6808 2 0.0453881222085712 0.011465190757984144
6933 2 0.009519865615667283 0.00698893648924641
7129 2 0.015297445931501497 0.00698893648924641
7015 2 0.015623040707737245 0.007819535154299702
