172
6642 6643 6644 6645 6650 6651 6652 6653 3799 3800 6666 3488 3489 3611 6669 3491 3492 3493 3816 6671 6672 6673 6674 7124 6677 6678 6680 6682 6683 6684 6685 6686 6687 6688 6694 6695 10659 6698 6699 6700 3801 6706 6707 7013 7014 6713 3821 3822 3823 6714 6715 6717 6719 6722 6723 6729 6730 6731 6734 6735 6736 10194 6737 6738 6739 6740 6742 6741 10267 6744 6745 6746 6749 6750 6751 10179 10178 6753 6754 6755 6758 6759 6760 6763 6764 6765 3531 3533 6948 3836 3558 3559 3597 6770 3598 3599 6934 6935 3521 6712 3837 6819 3495 3561 6667 3600 3838 3839 6777 7127 6778 6779 6822 6780 6938 6939 6942 6941 6949 6950 6781 6782 3496 6783 6784 6932 7128 10198 10200 10201 10199 6789 6790 7131 3827 3828 3826 6791 6792 10204 10203 10268 6762 10205 10207 3761 3762 3763 3703 3705 6793 6823 6794 6936 6937 6795 6943 6944 6952 6951 6796 6798 6799 6804 3706 6805 6806 6807 6808 6933 7129 7015 
6642 1 6643
6643 1 6642
6644 2 6645 6715
6645 1 6644
6650 2 6652 6653
6651 1 6653
6652 2 6650 6653
6653 3 6650 6651 6652
3799 1 3800
3800 1 3799
6666 1 3488
3488 2 6666 3489
3489 1 3488
3611 1 6669
6669 1 3611
3491 1 6746
3492 1 3493
3493 1 3492
3816 1 6671
6671 1 3816
6672 2 6673 6674
6673 3 6672 6674 7124
6674 3 6672 6673 7124
7124 2 6673 6674
6677 1 6678
6678 1 6677
6680 1 6682
6682 1 6680
6683 1 6684
6684 1 6683
6685 1 6686
6686 1 6685
6687 1 6688
6688 1 6687
6694 1 3836
6695 2 10659 3558
10659 1 6695
6698 1 3597
6699 1 6770
6700 1 3598
3801 1 3599
6706 1 6707
6707 1 6706
7013 3 7014 6935 7015
7014 2 7013 7015
6713 1 3822
3821 1 3822
3822 2 6713 3821
3823 1 6714
6714 1 3823
6715 1 6644
6717 1 6719
6719 1 6717
6722 1 6723
6723 1 6722
6729 1 6731
6730 2 6731 6819
6731 2 6729 6730
6734 1 6736
6735 2 6736 10194
6736 2 6734 6735
10194 1 6735
6737 1 6738
6738 1 6737
6739 1 6740
6740 1 6739
6742 1 10267
6741 1 10267
10267 2 6742 6741
6744 1 6745
6745 1 6744
6746 1 3491
6749 2 6750 6751
6750 1 6749
6751 1 6749
10179 1 10178
10178 1 10179
6753 2 6754 6755
6754 2 6753 6755
6755 2 6753 6754
6758 1 6759
6759 2 6758 6760
6760 1 6759
6763 1 6764
6764 1 6763
6765 1 3531
3531 1 6765
3533 1 6948
6948 1 3533
3836 1 6694
3558 2 6695 3559
3559 1 3558
3597 1 6698
6770 1 6699
3598 1 6700
3599 1 3801
6934 1 6935
6935 2 7013 6934
3521 1 6712
6712 1 3521
3837 1 6789
6819 1 6730
3495 1 3561
3561 1 3495
6667 2 3827 3828
3600 3 3838 6791 6792
3838 2 3600 6791
3839 1 6777
6777 1 3839
7127 1 3763
6778 1 3705
6779 1 6793
6822 1 6823
6780 1 6794
6938 1 6939
6939 1 6938
6942 1 6941
6941 1 6942
6949 3 6950 6952 6951
6950 2 6949 6952
6781 1 6796
6782 1 3496
3496 1 6782
6783 3 6784 6805 6806
6784 2 6783 6805
6932 3 7128 6933 7129
7128 3 6932 6933 7129
10198 1 10201
10200 2 10201 10199
10201 2 10198 10200
10199 1 10200
6789 1 3837
6790 2 7131 3826
7131 2 6790 3826
3827 2 6667 3828
3828 2 6667 3827
3826 2 6790 7131
6791 3 3600 3838 6792
6792 2 3600 6791
10204 1 10203
10203 1 10204
10268 1 6762
6762 1 10268
10205 1 10207
10207 1 10205
3761 1 3762
3762 1 3761
3763 2 7127 3703
3703 1 3763
3705 1 6778
6793 1 6779
6823 1 6822
6794 2 6780 6936
6936 1 6794
6937 1 6795
6795 1 6937
6943 1 6944
6944 1 6943
6952 3 6949 6950 6951
6951 2 6949 6952
6796 1 6781
6798 1 6799
6799 1 6798
6804 1 3706
3706 1 6804
6805 3 6783 6784 6806
6806 2 6783 6805
6807 1 6808
6808 1 6807
6933 3 6932 7128 7129
7129 3 6932 7128 6933
7015 2 7013 7014
