104
6641 6642 6644 6648 6650 6654 10175 3799 6666 3491 3816 6672 6679 6680 6683 6685 6687 6689 6691 6693 6694 6695 6698 6699 6700 3801 6706 7013 6643 6645 6647 6649 6651 6655 10265 3819 3800 3488 3490 3492 6670 6673 6677 6681 7125 6813 10180 6815 6817 7130 7014 6713 3823 6715 6717 6720 6722 6725 6729 6732 6734 6737 6743 6746 6749 6753 6758 6763 6765 3532 3533 6766 6768 3836 3558 6769 3597 6770 3598 3599 3560 6771 3494 6772 6775 6934 6714 6716 6723 6726 6730 6735 6738 6739 6744 6750 10179 6754 6761 6948 3559 6697 6816 6935 
6641 1 7013
6642 1 6641
6644 1 6642
6648 1 6644
6650 1 6648
6654 1 6650
10175 1 6654
3799 1 10175
6666 1 3799
3491 1 6666
3816 1 3491
6672 1 3816
6679 1 6672
6680 1 6679
6683 1 6680
6685 1 6683
6687 1 6685
6689 1 6687
6691 1 6689
6693 1 6691
6694 1 6693
6695 1 6694
6698 1 6695
6699 1 6698
6700 1 6699
3801 1 6700
6706 1 3801
7013 1 6706
6643 1 7014
6645 1 6643
6647 1 6645
6649 1 6647
6651 1 6649
6655 1 6651
10265 1 6655
3819 1 10265
3800 1 3819
3488 1 3800
3490 1 3488
3492 1 3490
6670 1 3492
6673 1 6670
6677 1 6673
6681 1 6677
7125 1 6681
6813 1 7125
10180 1 6813
6815 1 10180
6817 1 6815
7130 1 6817
7014 1 7130
6713 1 6934
3823 1 6713
6715 1 3823
6717 1 6715
6720 1 6717
6722 1 6720
6725 1 6722
6729 1 6725
6732 1 6729
6734 1 6732
6737 1 6734
6743 1 6737
6746 1 6743
6749 1 6746
6753 1 6749
6758 1 6753
6763 1 6758
6765 1 6763
3532 1 6765
3533 1 3532
6766 1 3533
6768 1 6766
3836 1 6768
3558 1 3836
6769 1 3558
3597 1 6769
6770 1 3597
3598 1 6770
3599 1 3598
3560 1 3599
6771 1 3560
3494 1 6771
6772 1 3494
6775 1 6772
6934 1 6775
6714 1 6935
6716 1 6714
6723 1 6716
6726 1 6723
6730 1 6726
6735 1 6730
6738 1 6735
6739 1 6738
6744 1 6739
6750 1 6744
10179 1 6750
6754 1 10179
6761 1 6754
6948 1 6761
3559 1 6948
6697 1 3559
6816 1 6697
6935 1 6816
