289
6640 6641 6642 6643 6644 6645 6646 6647 6648 6649 10297 6650 6651 6652 6653 6654 6655 6656 6657 6659 6660 6658 10264 10175 10265 3817 3818 3819 3820 6663 10266 10173 3799 3800 6664 6665 6666 3488 10174 3489 10662 3611 6669 6668 3815 3490 3491 3492 3493 3816 6670 6671 6672 6673 6674 7124 6676 6677 6678 6679 6820 6680 6681 6682 6683 6684 6685 6686 6687 6688 6690 10660 6691 7125 6692 6693 6694 6813 6695 10659 6696 10180 6698 6815 6817 6699 6700 3801 6914 6702 3510 6703 6704 10269 6705 6706 6707 6708 6709 6710 10270 6711 6818 7130 7013 7014 6713 3821 3822 3823 6714 6715 6716 6717 6718 6719 6720 6721 6722 6723 6724 10171 6725 6726 6727 6728 6729 6730 6731 6732 6733 10661 6734 6735 6736 10194 6737 6738 6739 6740 6742 6741 10267 6743 6744 6745 6746 6747 7126 6748 10177 6749 6750 6751 10179 10178 6753 6754 6755 6756 6757 6758 6759 6760 6761 6763 6764 6765 3531 3533 6948 6766 6767 6768 3836 3558 3559 6769 6697 3597 6816 6770 3598 3599 3560 6771 3494 6772 6773 6774 6775 6776 6931 6934 6935 3521 6712 3837 3539 3536 6819 3495 3561 6667 3600 3838 3839 6777 7127 6778 6779 6822 6780 6938 6939 6942 6941 6949 6950 6781 6782 3496 6783 6784 6785 6786 6787 6788 6932 7128 6639 3797 10198 10200 10201 10199 3538 6789 10176 6661 6790 7131 3827 3828 3826 6791 6792 10204 10203 10202 10268 6762 10205 10207 3761 3762 3763 3703 3705 6793 6823 6794 6936 6937 6795 7012 6943 6944 6952 6951 6796 6797 6798 6799 6800 6801 6802 6803 6804 3706 6805 6806 6807 6808 6809 6810 6933 7129 7015 
6640 4 6641 6713 3821 3822 
6641 4 6640 6713 3821 3822 
6642 3 6643 3823 6714 
6643 3 6642 3823 6714 
6644 3 6645 6715 6716 
6645 3 6644 6715 6716 
6646 4 6647 6717 6718 6719 
6647 4 6646 6717 6718 6719 
6648 3 6649 6720 6721 
6649 3 6648 6720 6721 
10297 2 6720 6721 
6650 3 6651 6652 6653 
6651 3 6650 6652 6653 
6652 3 6650 6651 6653 
6653 3 6650 6651 6652 
6654 4 6655 10171 6725 6726 
6655 4 6654 10171 6725 6726 
6656 11 6657 6659 6660 6658 10264 10175 10265 6727 6728 3538 10176 
6657 11 6656 6659 6660 6658 10264 10175 10265 6727 6728 3538 10176 
6659 11 6656 6657 6660 6658 10264 10175 10265 6727 6728 3538 10176 
6660 14 6656 6657 6659 6658 10264 10175 10265 3817 6727 6728 3539 3538 10176 6661 
6658 13 6656 6657 6659 6660 10264 10175 10265 3817 6727 6728 3538 10176 6661 
10264 13 6656 6657 6659 6660 6658 10175 10265 3817 6727 6728 3538 10176 6661 
10175 17 6656 6657 6659 6660 6658 10264 10265 3817 6727 6728 6729 6730 6731 3539 6819 3538 10176 
10265 18 6656 6657 6659 6660 6658 10264 10175 3817 6727 6728 6729 6730 6731 3539 6819 3538 10176 6661 
3817 12 6660 6658 10264 10175 10265 6729 6730 6731 3539 6819 10176 6661 
3818 6 3819 6729 6730 6731 3536 6819 
3819 6 3818 6729 6730 6731 3536 6819 
3820 5 6663 10266 6732 6733 10661 
6663 6 3820 10266 10173 6732 6733 10661 
10266 6 3820 6663 10173 6732 6733 10661 
10173 7 6663 10266 3799 3800 6732 6733 10661 
3799 2 10173 3800 
3800 2 10173 3799 
6664 5 6665 6734 6735 6736 10194 
6665 5 6664 6734 6735 6736 10194 
6666 5 3488 10174 3489 6737 6738 
3488 5 6666 10174 3489 6737 6738 
10174 5 6666 3488 3489 6737 6738 
3489 5 6666 3488 10174 6737 6738 
10662 6 3611 6669 6668 6739 6740 6745 
3611 9 10662 6669 6668 6742 6741 10267 6743 6744 6745 
6669 9 10662 3611 6668 6742 6741 10267 6743 6744 6745 
6668 10 10662 3611 6669 6739 6742 6741 10267 6743 6744 6745 
3815 3 3490 6747 7126 
3490 3 3815 6747 7126 
3491 7 3492 3493 6746 6747 7126 6748 10177 
3492 7 3491 3493 6746 6747 7126 6748 10177 
3493 7 3491 3492 6746 6747 7126 6748 10177 
3816 13 6670 6671 6672 6673 6674 7124 6749 6750 6751 3600 3838 6791 6792 
6670 13 3816 6671 6672 6673 6674 7124 6749 6750 6751 3600 3838 6791 6792 
6671 13 3816 6670 6672 6673 6674 7124 6749 6750 6751 3600 3838 6791 6792 
6672 10 3816 6670 6671 6673 6674 7124 10179 10178 3600 3838 
6673 9 3816 6670 6671 6672 6674 7124 10179 10178 3838 
6674 10 3816 6670 6671 6672 6673 7124 10179 10178 3600 3838 
7124 8 3816 6670 6671 6672 6673 6674 10179 10178 
6676 5 6677 6678 6753 6754 6755 
6677 5 6676 6678 6753 6754 6755 
6678 5 6676 6677 6753 6754 6755 
6679 2 6820 6756 
6820 2 6679 6756 
6680 2 6681 6682 
6681 2 6680 6682 
6682 2 6680 6681 
6683 5 6684 6757 6758 6759 6760 
6684 5 6683 6757 6758 6759 6760 
6685 4 6686 6761 10268 6762 
6686 4 6685 6761 10268 6762 
6687 3 6688 6765 3531 
6688 3 6687 6765 3531 
6690 3 10660 3533 6948 
10660 6 6690 3533 6948 6781 6796 6797 
6691 2 7125 6766 
7125 2 6691 6766 
6692 1 6767 
6693 1 6768 
6694 6 6813 3836 6782 3496 6798 6799 
6813 2 6694 3836 
6695 3 10659 3558 3559 
10659 3 6695 3558 3559 
6696 1 6769 
10180 1 6697 
6698 3 6815 3597 6816 
6815 3 6698 3597 6816 
6817 2 6699 6770 
6699 2 6817 6770 
6700 1 3598 
3801 1 3599 
6914 1 3560 
6702 1 6771 
3510 2 6703 3494 
6703 2 3510 3494 
6704 3 10269 6705 6772 
10269 3 6704 6705 6772 
6705 3 6704 10269 6772 
6706 2 6707 6801 
6707 2 6706 6801 
6708 6 6709 6710 10270 6773 6774 6775 
6709 6 6708 6710 10270 6773 6774 6775 
6710 6 6708 6709 10270 6773 6774 6775 
10270 6 6708 6709 6710 6773 6774 6775 
6711 2 6776 6931 
6818 1 7130 
7130 8 6818 6713 3821 3822 6932 7128 6933 7129 
7013 8 7014 6934 6935 6932 7128 6933 7129 7015 
7014 8 7013 6934 6935 6932 7128 6933 7129 7015 
6713 6 6640 6641 7130 3821 3822 7128 
3821 8 6640 6641 7130 6713 3822 6932 7128 6933 
3822 6 6640 6641 7130 6713 3821 7128 
3823 3 6642 6643 6714 
6714 3 6642 6643 3823 
6715 3 6644 6645 6716 
6716 3 6644 6645 6715 
6717 4 6646 6647 6718 6719 
6718 4 6646 6647 6717 6719 
6719 4 6646 6647 6717 6718 
6720 4 6648 6649 10297 6721 
6721 4 6648 6649 10297 6720 
6722 2 6723 6724 
6723 2 6722 6724 
6724 2 6722 6723 
10171 4 6654 6655 6725 6726 
6725 4 6654 6655 10171 6726 
6726 4 6654 6655 10171 6725 
6727 12 6656 6657 6659 6660 6658 10264 10175 10265 6728 3539 3538 10176 
6728 11 6656 6657 6659 6660 6658 10264 10175 10265 6727 3539 3538 
6729 10 10175 10265 3817 3818 3819 6730 6731 3539 3536 6819 
6730 10 10175 10265 3817 3818 3819 6729 6731 3539 3536 6819 
6731 10 10175 10265 3817 3818 3819 6729 6730 3539 3536 6819 
6732 6 3820 6663 10266 10173 6733 10661 
6733 6 3820 6663 10266 10173 6732 10661 
10661 6 3820 6663 10266 10173 6732 6733 
6734 5 6664 6665 6735 6736 10194 
6735 5 6664 6665 6734 6736 10194 
6736 5 6664 6665 6734 6735 10194 
10194 5 6664 6665 6734 6735 6736 
6737 5 6666 3488 10174 3489 6738 
6738 5 6666 3488 10174 3489 6737 
6739 3 10662 6668 6740 
6740 2 10662 6739 
6742 9 3611 6669 6668 6741 10267 6743 6744 6745 6790 
6741 8 3611 6669 6668 6742 10267 6743 6744 6745 
10267 8 3611 6669 6668 6742 6741 6743 6744 6745 
6743 8 3611 6669 6668 6742 6741 10267 6744 6745 
6744 8 3611 6669 6668 6742 6741 10267 6743 6745 
6745 9 10662 3611 6669 6668 6742 6741 10267 6743 6744 
6746 7 3491 3492 3493 6747 7126 6748 10177 
6747 7 3815 3490 3491 3492 3493 6746 7126 
7126 7 3815 3490 3491 3492 3493 6746 6747 
6748 5 3491 3492 3493 6746 10177 
10177 5 3491 3492 3493 6746 6748 
6749 9 3816 6670 6671 6750 6751 3600 3838 6791 6792 
6750 9 3816 6670 6671 6749 6751 3600 3838 6791 6792 
6751 9 3816 6670 6671 6749 6750 3600 3838 6791 6792 
10179 5 6672 6673 6674 7124 10178 
10178 5 6672 6673 6674 7124 10179 
6753 5 6676 6677 6678 6754 6755 
6754 5 6676 6677 6678 6753 6755 
6755 5 6676 6677 6678 6753 6754 
6756 2 6679 6820 
6757 5 6683 6684 6758 6759 6760 
6758 5 6683 6684 6757 6759 6760 
6759 5 6683 6684 6757 6758 6760 
6760 5 6683 6684 6757 6758 6759 
6761 4 6685 6686 10268 6762 
6763 3 6764 3761 3762 
6764 3 6763 3761 3762 
6765 3 6687 6688 3531 
3531 3 6687 6688 6765 
3533 6 6690 10660 6948 6781 6796 6797 
6948 6 6690 10660 3533 6781 6796 6797 
6766 2 6691 7125 
6767 1 6692 
6768 1 6693 
3836 6 6694 6813 6782 3496 6798 6799 
3558 3 6695 10659 3559 
3559 3 6695 10659 3558 
6769 1 6696 
6697 1 10180 
3597 3 6698 6815 6816 
6816 3 6698 6815 3597 
6770 2 6817 6699 
3598 1 6700 
3599 1 3801 
3560 1 6914 
6771 1 6702 
3494 2 3510 6703 
6772 3 6704 10269 6705 
6773 6 6708 6709 6710 10270 6774 6775 
6774 6 6708 6709 6710 10270 6773 6775 
6775 6 6708 6709 6710 10270 6773 6774 
6776 2 6711 6931 
6931 2 6711 6776 
6934 8 7013 7014 6935 6932 7128 6933 7129 7015 
6935 8 7013 7014 6934 6932 7128 6933 7129 7015 
3521 3 6712 6639 3797 
6712 3 3521 6639 3797 
3837 1 6789 
3539 10 6660 10175 10265 3817 6727 6728 6729 6730 6731 6819 
3536 6 3818 3819 6729 6730 6731 6819 
6819 10 10175 10265 3817 3818 3819 6729 6730 6731 3539 3536 
3495 4 3561 6790 7131 3826 
3561 4 3495 6790 7131 3826 
6667 2 3827 3828 
3600 11 3816 6670 6671 6672 6674 6749 6750 6751 3838 6791 6792 
3838 12 3816 6670 6671 6672 6673 6674 6749 6750 6751 3600 6791 6792 
3839 3 6777 3761 3762 
6777 3 3839 3761 3762 
7127 2 3763 3703 
6778 1 3705 
6779 1 6793 
6822 1 6823 
6780 2 6794 6936 
6938 4 6939 6937 6795 7012 
6939 4 6938 6937 6795 7012 
6942 3 6941 6943 6944 
6941 3 6942 6943 6944 
6949 3 6950 6952 6951 
6950 3 6949 6952 6951 
6781 5 10660 3533 6948 6796 6797 
6782 6 6694 3836 3496 6798 6799 6800 
3496 6 6694 3836 6782 6798 6799 6800 
6783 3 6784 6805 6806 
6784 3 6783 6805 6806 
6785 3 6786 6807 6808 
6786 3 6785 6807 6808 
6787 3 6788 6809 6810 
6788 3 6787 6809 6810 
6932 10 7130 7013 7014 3821 6934 6935 7128 6933 7129 7015 
7128 12 7130 7013 7014 6713 3821 3822 6934 6935 6932 6933 7129 7015 
6639 3 3521 6712 3797 
3797 3 3521 6712 6639 
10198 3 10200 10201 10199 
10200 3 10198 10201 10199 
10201 3 10198 10200 10199 
10199 3 10198 10200 10201 
3538 10 6656 6657 6659 6660 6658 10264 10175 10265 6727 6728 
6789 1 3837 
10176 11 6656 6657 6659 6660 6658 10264 10175 10265 3817 6727 6661 
6661 6 6660 6658 10264 10265 3817 10176 
6790 5 6742 3495 3561 7131 3826 
7131 4 3495 3561 6790 3826 
3827 2 6667 3828 
3828 2 6667 3827 
3826 4 3495 3561 6790 7131 
6791 9 3816 6670 6671 6749 6750 6751 3600 3838 6792 
6792 9 3816 6670 6671 6749 6750 6751 3600 3838 6791 
10204 2 10203 10202 
10203 2 10204 10202 
10202 2 10204 10203 
10268 4 6685 6686 6761 6762 
6762 4 6685 6686 6761 10268 
10205 1 10207 
10207 1 10205 
3761 5 6763 6764 3839 6777 3762 
3762 5 6763 6764 3839 6777 3761 
3763 2 7127 3703 
3703 2 7127 3763 
3705 1 6778 
6793 1 6779 
6823 1 6822 
6794 2 6780 6936 
6936 2 6780 6794 
6937 4 6938 6939 6795 7012 
6795 4 6938 6939 6937 7012 
7012 4 6938 6939 6937 6795 
6943 3 6942 6941 6944 
6944 3 6942 6941 6943 
6952 3 6949 6950 6951 
6951 3 6949 6950 6952 
6796 5 10660 3533 6948 6781 6797 
6797 5 10660 3533 6948 6781 6796 
6798 6 6694 3836 6782 3496 6799 6800 
6799 6 6694 3836 6782 3496 6798 6800 
6800 4 6782 3496 6798 6799 
6801 2 6706 6707 
6802 1 6803 
6803 1 6802 
6804 1 3706 
3706 1 6804 
6805 3 6783 6784 6806 
6806 3 6783 6784 6805 
6807 3 6785 6786 6808 
6808 3 6785 6786 6807 
6809 3 6787 6788 6810 
6810 3 6787 6788 6809 
6933 10 7130 7013 7014 3821 6934 6935 6932 7128 7129 7015 
7129 9 7130 7013 7014 6934 6935 6932 7128 6933 7015 
7015 8 7013 7014 6934 6935 6932 7128 6933 7129 
