289
3488 3489 3490 3491 3492 3493 3494 3495 3496 3510 3521 3531 3532 3533 3536 3538 3539 3558 3559 3560 3561 3597 3598 3599 3600 3611 3703 3704 3705 3706 3761 3762 3763 3797 3799 3800 3801 3815 3816 3817 3818 3819 3820 3821 3822 3823 3826 3827 3828 3836 3837 3838 3839 6639 6640 6641 6642 6643 6644 6645 6646 6647 6648 6649 6650 6651 6652 6653 6654 6655 6656 6657 6658 6659 6660 6661 6663 6664 6665 6666 6667 6668 6669 6670 6671 6672 6673 6674 6676 6677 6678 6679 6680 6681 6682 6683 6684 6685 6686 6687 6688 6689 6690 6691 6692 6693 6694 6695 6696 6697 6698 6699 6700 6702 6703 6704 6705 6706 6707 6711 6712 6713 6714 6715 6716 6717 6718 6719 6720 6721 6722 6723 6724 6725 6726 6727 6728 6729 6730 6731 6732 6733 6734 6735 6736 6737 6738 6739 6740 6741 6742 6743 6744 6745 6746 6747 6748 6749 6750 6751 6753 6754 6755 6756 6757 6758 6759 6760 6761 6762 6763 6764 6765 6766 6767 6768 6769 6770 6771 6772 6773 6774 6775 6777 6778 6779 6780 6781 6782 6783 6784 6785 6786 6787 6788 6789 6790 6791 6792 6793 6794 6795 6796 6797 6798 6799 6800 6801 6802 6803 6804 6805 6806 6807 6808 6809 6810 6813 6815 6816 6817 6819 6820 6822 6823 6914 6932 6933 6934 6935 6936 6937 6938 6939 6941 6942 6943 6944 6948 6949 6950 6951 6952 7012 7013 7014 7015 7124 7125 7126 7127 7128 7129 7130 7131 10171 10172 10173 10174 10175 10176 10177 10178 10179 10180 10194 10198 10199 10200 10201 10202 10203 10204 10205 10207 10208 10210 10211 10264 10265 10266 10267 10268 10269 10297 10659 10660 10661 10662 
3488 2 133 142 
3489 2 49 274 
3490 1 68 
3491 3 94 69 259 
3492 3 158 288 199 
3493 3 270 144 236 
3494 1 27 
3495 2 17 110 
3496 1 258 
3510 2 161 215 
3521 1 126 
3531 1 185 
3532 2 256 95 
3533 2 6 244 
3536 2 210 17 
3538 1 272 
3539 3 261 250 51 
3558 3 275 100 111 
3559 2 97 224 
3560 2 240 156 
3561 1 187 
3597 1 197 
3598 3 64 173 140 
3599 1 204 
3600 3 119 57 210 
3611 1 21 
3703 3 62 283 111 
3704 2 168 118 
3705 1 147 
3706 2 184 132 
3761 2 240 74 
3762 2 267 262 
3763 2 272 90 
3797 2 151 272 
3799 1 223 
3800 2 49 128 
3801 2 60 47 
3815 2 50 105 
3816 1 161 
3817 1 80 
3818 2 168 161 
3819 1 244 
3820 2 134 24 
3821 1 280 
3822 1 34 
3823 3 0 249 24 
3826 2 33 152 
3827 3 26 92 237 
3828 2 188 283 
3836 2 159 217 
3837 3 159 104 180 
3838 2 100 117 
3839 3 172 46 231 
6639 2 180 96 
6640 3 227 263 64 
6641 1 54 
6642 1 40 
6643 3 12 3 136 
6644 2 211 230 
6645 3 141 203 120 
6646 1 160 
6647 3 241 32 176 
6648 1 67 
6649 2 102 240 
6650 3 147 140 130 
6651 3 29 266 244 
6652 1 236 
6653 2 114 23 
6654 1 175 
6655 1 212 
6656 3 203 77 68 
6657 3 251 152 64 
6658 1 36 
6659 1 157 
6660 3 165 39 26 
6661 2 68 137 
6663 1 245 
6664 1 107 
6665 2 158 149 
6666 2 105 153 
6667 3 121 114 44 
6668 2 59 168 
6669 3 146 259 234 
6670 3 194 249 133 
6671 3 24 207 182 
6672 1 209 
6673 3 246 67 40 
6674 3 128 266 94 
6676 1 254 
6677 3 135 278 236 
6678 3 68 26 174 
6679 1 219 
6680 3 135 60 114 
6681 2 98 282 
6682 2 43 8 
6683 3 106 260 274 
6684 3 260 232 4 
6685 3 243 250 184 
6686 3 18 133 63 
6687 3 42 57 22 
6688 2 156 221 
6689 3 96 246 28 
6690 3 136 246 34 
6691 3 33 46 116 
6692 3 50 267 121 
6693 1 26 
6694 3 180 206 23 
6695 2 208 62 
6696 2 122 280 
6697 1 13 
6698 1 59 
6699 3 282 86 190 
6700 3 108 34 47 
6702 3 79 240 247 
6703 3 277 149 35 
6704 1 1 
6705 2 140 60 
6706 3 198 173 67 
6707 1 80 
6711 1 236 
6712 3 267 56 106 
6713 2 162 280 
6714 1 198 
6715 2 15 70 
6716 2 129 51 
6717 2 266 117 
6718 1 96 
6719 2 181 86 
6720 1 115 
6721 3 248 212 286 
6722 2 241 172 
6723 2 238 258 
6724 3 70 173 116 
6725 2 111 275 
6726 1 161 
6727 1 166 
6728 2 72 150 
6729 3 57 126 262 
6730 1 84 
6731 1 222 
6732 2 198 131 
6733 3 179 93 285 
6734 3 4 262 273 
6735 2 175 228 
6736 3 156 281 146 
6737 2 251 133 
6738 1 64 
6739 3 95 132 0 
6740 3 57 145 107 
6741 2 96 85 
6742 2 36 121 
6743 1 93 
6744 1 149 
6745 1 255 
6746 3 20 113 204 
6747 3 259 29 137 
6748 3 284 131 158 
6749 1 253 
6750 3 288 72 9 
6751 2 256 28 
6753 3 225 106 105 
6754 2 120 152 
6755 2 198 102 
6756 3 285 101 218 
6757 1 29 
6758 3 77 211 79 
6759 1 142 
6760 3 99 269 79 
6761 1 108 
6762 1 105 
6763 2 282 53 
6764 2 195 212 
6765 2 238 284 
6766 1 50 
6767 2 31 176 
6768 2 145 9 
6769 1 125 
6770 1 203 
6771 3 177 103 276 
6772 3 48 169 113 
6773 2 0 263 
6774 2 287 227 
6775 1 145 
6777 1 207 
6778 1 144 
6779 2 108 212 
6780 1 76 
6781 1 231 
6782 1 37 
6783 1 19 
6784 1 110 
6785 3 185 64 101 
6786 2 245 15 
6787 2 7 255 
6788 2 208 30 
6789 3 158 114 51 
6790 2 268 80 
6791 3 282 217 96 
6792 2 209 91 
6793 3 219 269 21 
6794 3 205 192 271 
6795 2 193 32 
6796 1 255 
6797 2 248 200 
6798 3 254 61 25 
6799 3 39 245 4 
6800 1 244 
6801 1 178 
6802 3 248 104 262 
6803 1 267 
6804 2 252 101 
6805 1 51 
6806 1 98 
6807 2 112 143 
6808 1 63 
6809 1 163 
6810 3 163 46 215 
6813 1 213 
6815 3 7 278 267 
6816 3 47 152 125 
6817 1 24 
6819 2 118 46 
6820 1 141 
6822 3 286 190 102 
6823 3 87 212 111 
6914 3 244 209 71 
6932 1 92 
6933 1 83 
6934 3 0 161 74 
6935 1 124 
6936 1 94 
6937 2 199 142 
6938 1 189 
6939 1 92 
6941 3 131 131 176 
6942 2 14 99 
6943 1 45 
6944 2 218 62 
6948 1 281 
6949 2 277 260 
6950 1 74 
6951 1 131 
6952 3 119 236 236 
7012 3 9 107 277 
7013 1 214 
7014 3 232 82 210 
7015 2 245 277 
7124 2 118 51 
7125 1 18 
7126 3 212 198 204 
7127 3 3 152 69 
7128 2 5 62 
7129 2 161 169 
7130 2 176 140 
7131 3 203 196 178 
10171 1 112 
10172 1 21 
10173 3 187 143 202 
10174 2 19 204 
10175 2 89 81 
10176 1 69 
10177 2 246 190 
10178 2 41 113 
10179 1 16 
10180 1 61 
10194 2 62 42 
10198 3 225 253 218 
10199 2 133 106 
10200 2 135 207 
10201 2 127 140 
10202 3 225 49 92 
10203 3 272 172 46 
10204 1 197 
10205 1 244 
10207 2 228 219 
10208 1 5 
10210 3 91 115 94 
10211 1 123 
10264 1 45 
10265 3 66 55 146 
10266 1 5 
10267 1 71 
10268 1 40 
10269 3 150 141 285 
10297 2 126 59 
10659 3 258 191 288 
10660 1 236 
10661 1 93 
10662 3 42 274 176 
