267
6640 6641 6642 6643 6644 6645 6646 6647 6648 6649 6650 6651 6652 6653 6654 6655 6656 6657 6659 6660 6658 10264 10175 10265 3818 3819 3820 6663 10266 10173 3799 3800 6664 6665 6666 3488 3489 10662 3611 6669 6668 3815 3490 3491 3492 3493 3816 6670 6671 6672 6673 6674 7124 6676 6677 6678 6679 6820 6680 6682 6683 6684 6685 6686 6687 6688 10660 6691 7125 6694 6695 10659 6696 10180 6698 6815 6699 6700 3801 6914 6704 10269 6705 6706 6707 6708 6709 6710 10270 6711 7013 7014 6713 3821 3822 3823 6714 6715 6716 6717 6718 6719 6720 6721 6722 6723 6724 6725 6726 6727 6728 6729 6730 6731 6732 6733 10661 6734 6735 6736 10194 6737 6738 6739 6740 6742 6741 10267 6743 6744 6745 6746 6747 7126 6748 10177 6749 6750 6751 10179 10178 6753 6754 6755 6756 6758 6759 6760 6761 6763 6764 6765 3531 3533 6948 6766 3836 3558 3559 6769 6697 3597 6770 3598 3599 3560 6772 6773 6774 6775 6776 6931 6934 6935 3521 6712 3837 3536 6819 3495 3561 6667 3600 3838 3839 6777 7127 6778 6779 6822 6780 6938 6939 6942 6941 6949 6950 6781 6782 3496 6783 6784 6785 6786 6787 6788 6932 7128 6639 3797 10198 10200 10201 10199 3538 6789 10176 6661 6790 7131 3827 3828 3826 6791 6792 10204 10203 10202 10268 6762 10205 10207 3761 3762 3763 3703 3705 6793 6823 6794 6936 6937 6795 7012 6943 6944 6952 6951 6796 6797 6798 6799 6800 6801 6802 6803 6804 3706 6805 6806 6807 6808 6809 6810 6933 7129 7015 
6640 1 6641 
6641 1 6640 
6642 3 6643 3823 6714 
6643 3 6642 3823 6714 
6644 3 6645 6715 6716 
6645 3 6644 6715 6716 
6646 4 6647 6717 6718 6719 
6647 4 6646 6717 6718 6719 
6648 1 6649 
6649 1 6648 
6650 3 6651 6652 6653 
6651 3 6650 6652 6653 
6652 3 6650 6651 6653 
6653 3 6650 6651 6652 
6654 3 6655 6725 6726 
6655 3 6654 6725 6726 
6656 7 6657 6659 6660 6658 10264 6727 6728 
6657 7 6656 6659 6660 6658 10264 6727 6728 
6659 7 6656 6657 6660 6658 10264 6727 6728 
6660 6 6656 6657 6659 6658 10264 6727 
6658 6 6656 6657 6659 6660 10264 6727 
10264 6 6656 6657 6659 6660 6658 6727 
10175 1 10265 
10265 1 10175 
3818 1 3819 
3819 1 3818 
3820 2 6732 6733 
6663 3 10266 6732 6733 
10266 3 6663 6732 6733 
10173 1 10661 
3799 1 3800 
3800 1 3799 
6664 5 6665 6734 6735 6736 10194 
6665 5 6664 6734 6735 6736 10194 
6666 4 3488 3489 6737 6738 
3488 4 6666 3489 6737 6738 
3489 4 6666 3488 6737 6738 
10662 2 6739 6740 
3611 2 6669 6668 
6669 2 3611 6668 
6668 2 3611 6669 
3815 1 3490 
3490 1 3815 
3491 4 3492 3493 6746 6748 
3492 4 3491 3493 6746 6748 
3493 4 3491 3492 6746 6748 
3816 2 6670 6671 
6670 2 3816 6671 
6671 6 3816 6670 3600 3838 6791 6792 
6672 5 6673 6674 7124 10179 10178 
6673 4 6672 6674 7124 10179 
6674 5 6672 6673 7124 10179 10178 
7124 4 6672 6673 6674 10179 
6676 2 6677 6678 
6677 2 6676 6678 
6678 2 6676 6677 
6679 2 6820 6756 
6820 2 6679 6756 
6680 1 6682 
6682 1 6680 
6683 3 6684 6758 6759 
6684 4 6683 6758 6759 6760 
6685 1 6686 
6686 1 6685 
6687 3 6688 6765 3531 
6688 3 6687 6765 3531 
10660 2 3533 6948 
6691 2 7125 6766 
7125 1 6691 
6694 1 3836 
6695 3 10659 3558 3559 
10659 3 6695 3558 3559 
6696 1 6769 
10180 1 6697 
6698 2 6815 3597 
6815 2 6698 3597 
6699 1 6770 
6700 1 3598 
3801 1 3599 
6914 1 3560 
6704 3 10269 6705 6772 
10269 3 6704 6705 6772 
6705 3 6704 10269 6772 
6706 2 6707 6801 
6707 2 6706 6801 
6708 4 6709 6710 10270 6775 
6709 4 6708 6710 10270 6775 
6710 4 6708 6709 10270 6775 
10270 4 6708 6709 6710 6775 
6711 2 6776 6931 
7013 6 7014 6934 6935 6933 7129 7015 
7014 6 7013 6934 6935 6933 7129 7015 
6713 2 3821 3822 
3821 2 6713 3822 
3822 2 6713 3821 
3823 3 6642 6643 6714 
6714 3 6642 6643 3823 
6715 3 6644 6645 6716 
6716 3 6644 6645 6715 
6717 4 6646 6647 6718 6719 
6718 4 6646 6647 6717 6719 
6719 4 6646 6647 6717 6718 
6720 1 6721 
6721 1 6720 
6722 2 6723 6724 
6723 2 6722 6724 
6724 2 6722 6723 
6725 3 6654 6655 6726 
6726 3 6654 6655 6725 
6727 8 6656 6657 6659 6660 6658 10264 6728 3538 
6728 5 6656 6657 6659 6727 3538 
6729 3 6730 6731 6819 
6730 4 6729 6731 3536 6819 
6731 3 6729 6730 6819 
6732 4 3820 6663 10266 6733 
6733 4 3820 6663 10266 6732 
10661 1 10173 
6734 5 6664 6665 6735 6736 10194 
6735 5 6664 6665 6734 6736 10194 
6736 5 6664 6665 6734 6735 10194 
10194 5 6664 6665 6734 6735 6736 
6737 4 6666 3488 3489 6738 
6738 4 6666 3488 3489 6737 
6739 2 10662 6740 
6740 2 10662 6739 
6742 4 6741 10267 6744 6745 
6741 4 6742 10267 6744 6745 
10267 4 6742 6741 6744 6745 
6743 2 6744 6745 
6744 5 6742 6741 10267 6743 6745 
6745 5 6742 6741 10267 6743 6744 
6746 4 3491 3492 3493 6748 
6747 1 7126 
7126 1 6747 
6748 5 3491 3492 3493 6746 10177 
10177 1 6748 
6749 2 6750 6751 
6750 2 6749 6751 
6751 2 6749 6750 
10179 5 6672 6673 6674 7124 10178 
10178 3 6672 6674 10179 
6753 2 6754 6755 
6754 2 6753 6755 
6755 2 6753 6754 
6756 2 6679 6820 
6758 4 6683 6684 6759 6760 
6759 4 6683 6684 6758 6760 
6760 3 6684 6758 6759 
6761 2 10268 6762 
6763 1 6764 
6764 1 6763 
6765 3 6687 6688 3531 
3531 3 6687 6688 6765 
3533 2 10660 6948 
6948 2 10660 3533 
6766 1 6691 
3836 1 6694 
3558 3 6695 10659 3559 
3559 3 6695 10659 3558 
6769 1 6696 
6697 1 10180 
3597 2 6698 6815 
6770 1 6699 
3598 1 6700 
3599 1 3801 
3560 1 6914 
6772 3 6704 10269 6705 
6773 1 6774 
6774 1 6773 
6775 4 6708 6709 6710 10270 
6776 2 6711 6931 
6931 2 6711 6776 
6934 7 7013 7014 6935 6932 6933 7129 7015 
6935 7 7013 7014 6934 6932 6933 7129 7015 
3521 3 6712 6639 3797 
6712 2 3521 6639 
3837 1 6789 
3536 2 6730 6819 
6819 4 6729 6730 6731 3536 
3495 4 3561 6790 7131 3826 
3561 4 3495 6790 7131 3826 
6667 2 3827 3828 
3600 4 6671 3838 6791 6792 
3838 4 6671 3600 6791 6792 
3839 1 6777 
6777 1 3839 
7127 2 3763 3703 
6778 1 3705 
6779 1 6793 
6822 1 6823 
6780 2 6794 6936 
6938 3 6939 6937 6795 
6939 3 6938 6937 6795 
6942 3 6941 6943 6944 
6941 3 6942 6943 6944 
6949 3 6950 6952 6951 
6950 3 6949 6952 6951 
6781 2 6796 6797 
6782 3 3496 6798 6799 
3496 3 6782 6798 6799 
6783 3 6784 6805 6806 
6784 3 6783 6805 6806 
6785 3 6786 6807 6808 
6786 3 6785 6807 6808 
6787 3 6788 6809 6810 
6788 3 6787 6809 6810 
6932 5 6934 6935 7128 6933 7129 
7128 3 6932 6933 7129 
6639 3 3521 6712 3797 
3797 2 3521 6639 
10198 3 10200 10201 10199 
10200 3 10198 10201 10199 
10201 3 10198 10200 10199 
10199 3 10198 10200 10201 
3538 2 6727 6728 
6789 1 3837 
10176 1 6661 
6661 1 10176 
6790 4 3495 3561 7131 3826 
7131 4 3495 3561 6790 3826 
3827 2 6667 3828 
3828 2 6667 3827 
3826 4 3495 3561 6790 7131 
6791 4 6671 3600 3838 6792 
6792 4 6671 3600 3838 6791 
10204 2 10203 10202 
10203 2 10204 10202 
10202 2 10204 10203 
10268 2 6761 6762 
6762 2 6761 10268 
10205 1 10207 
10207 1 10205 
3761 1 3762 
3762 1 3761 
3763 2 7127 3703 
3703 2 7127 3763 
3705 1 6778 
6793 1 6779 
6823 1 6822 
6794 2 6780 6936 
6936 2 6780 6794 
6937 4 6938 6939 6795 7012 
6795 4 6938 6939 6937 7012 
7012 2 6937 6795 
6943 3 6942 6941 6944 
6944 3 6942 6941 6943 
6952 3 6949 6950 6951 
6951 3 6949 6950 6952 
6796 2 6781 6797 
6797 2 6781 6796 
6798 4 6782 3496 6799 6800 
6799 4 6782 3496 6798 6800 
6800 2 6798 6799 
6801 2 6706 6707 
6802 1 6803 
6803 1 6802 
6804 1 3706 
3706 1 6804 
6805 3 6783 6784 6806 
6806 3 6783 6784 6805 
6807 3 6785 6786 6808 
6808 3 6785 6786 6807 
6809 3 6787 6788 6810 
6810 3 6787 6788 6809 
6933 8 7013 7014 6934 6935 6932 7128 7129 7015 
7129 8 7013 7014 6934 6935 6932 7128 6933 7015 
7015 6 7013 7014 6934 6935 6933 7129 
