104
6641 6642 6643 6644 6645 6647 6648 6649 6650 6651 6654 6655 10175 10265 3819 3799 3800 6666 3488 3490 3491 3492 3816 6670 6672 6673 6677 6679 6680 6681 6683 6685 6687 6689 6691 7125 6693 6694 6813 6695 10180 6698 6815 6817 6699 6700 3801 6706 7130 7013 7014 6713 3823 6714 6715 6716 6717 6720 6722 6723 6725 6726 6729 6730 6732 6734 6735 6737 6738 6739 6743 6744 6746 6749 6750 10179 6753 6754 6758 6761 6763 6765 3532 3533 6948 6766 6768 3836 3558 3559 6769 6697 3597 6816 6770 3598 3599 3560 6771 3494 6772 6775 6934 6935 
6641 2 6640 6713
6642 2 6643 3823
6643 2 6642 3823
6644 2 6645 6715
6645 2 6644 6715
6647 2 6717 6719
6648 2 6649 6720
6649 2 6648 6720
6650 2 6652 6653
6651 2 6652 6653
6654 2 6655 6725
6655 2 6654 6725
10175 2 10265 3817
10265 2 10175 3817
3819 2 6729 3536
3799 2 3800 10661
3800 2 3799 10661
6666 2 3488 3489
3488 2 6666 3489
3490 2 6743 7126
3491 2 3493 6746
3492 2 3491 3493
3816 2 6670 6671
6670 2 3816 6671
6672 2 6673 6674
6673 2 6674 7124
6677 2 6678 6755
6679 2 6680 6682
6680 2 6681 6682
6681 2 6680 6682
6683 2 6684 6758
6685 2 6686 6761
6687 2 6688 6765
6689 2 10660 3532
6691 2 7125 6766
7125 2 6691 6766
6693 2 6768 6800
6694 2 3836 3496
6813 2 6694 3836
6695 2 10659 3558
10180 2 6769 6697
6698 2 6815 3597
6815 2 6698 3597
6817 2 6699 6770
6699 2 6817 6770
6700 2 3598 3599
3801 2 3598 3599
6706 2 6707 6801
7130 2 6713 3822
7013 2 7014 7015
7014 2 7013 7015
6713 2 3821 3822
3823 2 6642 6714
6714 2 6642 3823
6715 2 6644 6716
6716 2 6644 6715
6717 2 6647 6719
6720 2 6648 6649
6722 2 6650 6723
6723 2 6650 6722
6725 2 6654 6726
6726 2 6654 6725
6729 2 6730 6731
6730 2 6731 6819
6732 2 10266 10661
6734 2 6735 6736
6735 2 6736 10194
6737 2 6666 6738
6738 2 6666 6737
6739 2 10662 6740
6743 2 6744 6745
6744 2 6743 6745
6746 2 3491 3493
6749 2 6750 6751
6750 2 6749 6751
10179 2 6672 10178
6753 2 6754 6755
6754 2 6753 6755
6758 2 6759 6760
6761 2 10268 6762
6763 2 6764 3762
6765 2 6688 3531
3532 2 6689 10660
3533 2 10660 6948
6948 2 10660 3533
6766 2 6691 7125
6768 2 6693 6800
3836 2 6694 3496
3558 2 6695 3559
3559 2 6695 3558
6769 2 10180 6697
6697 2 10180 6769
3597 2 6698 6815
6816 2 6698 3597
6770 2 6817 6699
3598 2 6700 3599
3599 2 3801 3598
3560 2 3801 6771
6771 2 3560 3494
3494 2 6772 6802
6772 2 6706 6707
6775 2 6774 6808
6934 2 7013 6935
6935 2 7013 6934
