241
6640 6641 6642 6643 6644 6645 6647 6648 6649 6650 6651 6652 6653 6654 6655 10175 10265 3817 3819 10172 10266 3799 3800 6666 3488 3489 10662 3611 6669 6668 3490 3491 3492 3493 3816 6670 6671 6672 6673 6674 7124 6677 6678 6679 6680 6681 6682 6683 6684 6685 6686 6687 6688 6689 10660 6691 7125 6693 6694 6813 6695 10659 10180 6698 6815 6817 6699 6700 3801 6706 6707 7130 7013 7014 6713 3821 3822 3823 6714 6715 6716 6717 6719 6720 6722 6723 6725 6726 6729 6730 6731 6732 10661 6734 6735 6736 10194 6737 6738 6739 6740 6742 6741 10267 6743 6744 6745 6746 7126 6748 10177 6749 6750 6751 10179 10178 6753 6754 6755 6757 6758 6759 6760 6761 6763 6764 6765 3531 3532 3533 6948 6766 6768 3836 3558 3559 6769 6697 3597 6816 6770 3598 3599 3560 6771 3494 6772 6774 6775 6934 6935 3521 6712 3837 3539 3536 6819 3495 3561 6667 3600 3838 3839 6777 7127 6778 6779 6822 6780 6938 6939 6942 6941 6949 6950 6781 6782 3496 6783 6784 6785 6932 7128 3797 10198 10200 10201 10199 3538 6789 10176 6661 6790 7131 3827 3828 3826 6791 6792 10204 10203 10268 6762 10205 10207 3761 3762 3763 3703 3704 3705 6793 6823 10211 6794 6936 6937 6795 7012 10208 6943 6944 6952 6951 6796 6797 6798 6799 6800 6801 6802 6804 3706 6805 6806 10210 6807 6808 6933 7129 7015 
6640 2 6641 6713
6641 2 6640 6713
6642 2 6643 3823
6643 2 6642 3823
6644 2 6645 6715
6645 2 6644 6715
6647 2 6717 6719
6648 2 6649 6720
6649 2 6648 6720
6650 2 6652 6653
6651 2 6652 6653
6652 2 6650 6653
6653 2 6651 6652
6654 2 6655 6725
6655 2 6654 6725
10175 2 10265 3817
10265 2 10175 3817
3817 2 10175 10265
3819 2 6729 3536
10172 2 3819 6732
10266 2 6732 10661
3799 2 3800 10661
3800 2 3799 10661
6666 2 3488 3489
3488 2 6666 3489
3489 2 6666 3488
10662 2 6739 6740
3611 2 6669 6668
6669 2 3611 6668
6668 2 3611 6669
3490 2 6743 7126
3491 2 3493 6746
3492 2 3491 3493
3493 2 3491 3492
3816 2 6670 6671
6670 2 3816 6671
6671 2 3816 6670
6672 2 6673 6674
6673 2 6674 7124
6674 2 6672 6673
7124 2 6673 6674
6677 2 6678 6755
6678 2 6677 6755
6679 2 6680 6682
6680 2 6681 6682
6681 2 6680 6682
6682 2 6680 6681
6683 2 6684 6758
6684 2 6683 6758
6685 2 6686 6761
6686 2 6685 6761
6687 2 6688 6765
6688 2 6687 6765
6689 2 10660 3532
10660 2 3533 6948
6691 2 7125 6766
7125 2 6691 6766
6693 2 6768 6800
6694 2 3836 3496
6813 2 6694 3836
6695 2 10659 3558
10659 2 6695 3558
10180 2 6769 6697
6698 2 6815 3597
6815 2 6698 3597
6817 2 6699 6770
6699 2 6817 6770
6700 2 3598 3599
3801 2 3598 3599
6706 2 6707 6801
6707 2 6706 6801
7130 2 6713 3822
7013 2 7014 7015
7014 2 7013 7015
6713 2 3821 3822
3821 2 6713 3822
3822 2 6713 3821
3823 2 6642 6714
6714 2 6642 3823
6715 2 6644 6716
6716 2 6644 6715
6717 2 6647 6719
6719 2 6647 6717
6720 2 6648 6649
6722 2 6650 6723
6723 2 6650 6722
6725 2 6654 6726
6726 2 6654 6725
6729 2 6730 6731
6730 2 6731 6819
6731 2 6729 6730
6732 2 10266 10661
10661 2 10266 6732
6734 2 6735 6736
6735 2 6736 10194
6736 2 6734 6735
10194 2 6735 6736
6737 2 6666 6738
6738 2 6666 6737
6739 2 10662 6740
6740 2 10662 6739
6742 2 6741 10267
6741 2 6742 10267
10267 2 6742 6741
6743 2 6744 6745
6744 2 6743 6745
6745 2 6743 6744
6746 2 3491 3493
7126 2 3490 6746
6748 2 3493 10177
10177 2 3493 6748
6749 2 6750 6751
6750 2 6749 6751
6751 2 6749 6750
10179 2 6672 10178
10178 2 6672 10179
6753 2 6754 6755
6754 2 6753 6755
6755 2 6753 6754
6757 2 6683 6684
6758 2 6759 6760
6759 2 6758 6760
6760 2 6758 6759
6761 2 10268 6762
6763 2 6764 3762
6764 2 6763 3762
6765 2 6688 3531
3531 2 6688 6765
3532 2 6689 10660
3533 2 10660 6948
6948 2 10660 3533
6766 2 6691 7125
6768 2 6693 6800
3836 2 6694 3496
3558 2 6695 3559
3559 2 6695 3558
6769 2 10180 6697
6697 2 10180 6769
3597 2 6698 6815
6816 2 6698 3597
6770 2 6817 6699
3598 2 6700 3599
3599 2 3801 3598
3560 2 3801 6771
6771 2 3560 3494
3494 2 6772 6802
6772 2 6706 6707
6774 2 6707 6775
6775 2 6774 6808
6934 2 7013 6935
6935 2 7013 6934
3521 2 6712 3797
6712 2 3521 3797
3837 2 3539 6789
3539 2 10175 6819
3536 2 6730 6819
6819 2 6730 6731
3495 2 3561 6790
3561 2 3495 6790
6667 2 3827 3828
3600 2 3838 6791
3838 2 3600 6791
3839 2 6777 3761
6777 2 3839 3761
7127 2 3763 3703
6778 2 3705 6823
6779 2 6822 6793
6822 2 6778 6823
6780 2 6794 6936
6938 2 6939 6795
6939 2 6938 6937
6942 2 6941 6944
6941 2 6942 6944
6949 2 6950 6952
6950 2 6949 6952
6781 2 6796 6797
6782 2 3496 6798
3496 2 6782 6798
6783 2 6784 6805
6784 2 6783 6805
6785 2 6807 6808
6932 2 7128 6933
7128 2 6932 6933
3797 2 3521 6712
10198 2 10200 10201
10200 2 10201 10199
10201 2 10198 10200
10199 2 10200 10201
3538 2 10175 10265
6789 2 3837 3539
10176 2 3817 6661
6661 2 3817 10176
6790 2 7131 3826
7131 2 6790 3826
3827 2 6667 3828
3828 2 6667 3827
3826 2 6790 7131
6791 2 3600 6792
6792 2 3600 6791
10204 2 6791 10203
10203 2 6791 10204
10268 2 6761 6762
6762 2 6761 10268
10205 2 6764 10207
10207 2 6764 10205
3761 2 3839 3762
3762 2 3839 3761
3763 2 7127 3703
3703 2 7127 3763
3704 2 7127 3703
3705 2 6778 6823
6793 2 6779 6822
6823 2 6778 6822
10211 2 6779 6793
6794 2 6780 6936
6936 2 6780 6794
6937 2 6795 7012
6795 2 6937 7012
7012 2 6937 6795
10208 2 6938 6939
6943 2 6941 6944
6944 2 6942 6943
6952 2 6949 6951
6951 2 6949 6952
6796 2 6781 6797
6797 2 6781 6796
6798 2 6782 6799
6799 2 6782 6798
6800 2 6798 6799
6801 2 6706 6707
6802 2 6772 6801
6804 2 6784 3706
3706 2 6784 6804
6805 2 6783 6806
6806 2 6783 6805
10210 2 6783 6784
6807 2 6785 6808
6808 2 6785 6807
6933 2 6932 7129
7129 2 6932 6933
7015 2 7013 7014
