0 2982762
1 1426498
2 1469131
3 506946
4 567245
5 215898
6 264029
7 120002
8 146380
9 80438
10 92572
11 56898
12 60938
13 40227
14 41208
15 28385
16 28151
17 21447
18 20687
19 16580
20 16203
21 13663
22 13573
23 11557
24 11318
25 10073
26 9804
27 9095
28 8611
29 8153
30 7275
31 7569
32 6509
33 6940
34 5703
35 6479
36 5054
37 6043
38 4823
39 5698
40 4487
41 5297
42 4054
43 4792
44 3671
45 4330
46 3252
47 4114
48 3084
49 3910
50 2903
51 2878
52 2903
53 2656
54 2898
55 2437
56 2864
57 2406
58 2637
59 2493
60 2591
61 2460
62 2277
63 2325
64 1931
65 1989
66 1628
67 1438
68 1397
69 1068
70 1187
71 860
72 924
73 715
74 775
75 707
76 705
77 596
78 539
79 467
80 478
81 474
82 403
83 384
84 296
85 346
86 306
87 290
88 243
89 279
90 198
91 271
92 144
93 199
94 168
95 201
96 160
97 153
98 102
99 126
100 91
101 149
102 99
103 123
104 83
105 119
106 69
107 125
108 55
109 107
110 47
111 98
112 42
113 88
114 43
115 75
116 44
117 86
118 48
119 68
120 34
121 67
122 25
123 60
124 25
125 58
126 25
127 42
128 18
129 51
130 19
131 27
132 20
133 33
134 11
135 31
136 10
137 24
138 12
139 30
140 7
141 28
142 7
143 18
144 11
145 16
146 7
147 26
148 5
149 19
150 4
151 11
152 5
153 19
154 5
155 20
156 1
157 20
158 1
159 16
160 3
161 19
162 2
163 11
164 7
165 17
166 3
167 14
168 2
169 10
170 1
171 6
172 1
173 3
174 2
175 1
176 0
177 2
178 0
179 2
180 3
181 1
182 0
183 1
184 1
185 0
186 2
187 0
188 2
189 2
190 1
191 0
192 0
193 1
194 0
195 0
196 3
197 1
198 6
199 0
200 0
201 0
