0 1366355
1 1064946
2 828618
3 745635
4 667480
5 592628
6 538982
7 492816
8 434268
9 357284
10 276118
11 207702
12 155312
13 118937
14 90873
15 66675
16 48579
17 37326
18 30470
19 25188
20 21091
21 19495
22 18415
23 16674
24 14614
25 13165
26 12502
27 12294
28 11796
29 11327
30 10683
31 10339
32 10025
33 10105
34 9628
35 9320
36 9204
37 8696
38 8471
39 8134
40 7210
41 6149
42 5626
43 4848
44 4356
45 3730
46 3126
47 2801
48 2531
49 2279
50 2155
51 1989
52 1823
53 1786
54 1526
55 1363
56 1216
57 1189
58 1153
59 1125
60 1031
61 1032
62 941
63 1004
64 1033
65 1023
66 928
67 770
68 600
69 474
70 307
71 270
72 226
73 167
74 181
75 129
76 115
77 125
78 117
79 93
80 86
81 88
82 73
83 82
84 68
85 57
86 67
87 78
88 72
89 64
90 41
91 51
92 56
93 68
94 62
95 48
96 50
97 48
98 38
99 65
100 1218
